1947 01 01   1570.519
1947 04 01   1568.653
1947 07 01   1567.966
1947 10 01   1590.938
1948 01 01   1616.069
1948 04 01   1644.637
1948 07 01   1654.061
1948 10 01   1657.988
1949 01 01   1633.249
1949 04 01   1628.439
1949 07 01   1646.698
1949 10 01   1629.911
1950 01 01   1696.765
1950 04 01   1747.322
1950 07 01   1815.845
1950 10 01   1848.928
1951 01 01   1871.311
1951 04 01   1903.118
1951 07 01   1941.109
1951 10 01   1944.447
1952 01 01   1964.670
1952 04 01   1966.044
1952 07 01   1978.806
1952 10 01   2043.795
1953 01 01   2082.277
1953 04 01   2098.083
1953 07 01   2085.419
1953 10 01   2052.532
1954 01 01   2042.420
1954 04 01   2044.286
1954 07 01   2066.865
1954 10 01   2107.801
1955 01 01   2168.470
1955 04 01   2204.008
1955 07 01   2233.360
1955 10 01   2245.337
1956 01 01   2234.833
1956 04 01   2252.504
1956 07 01   2249.755
1956 10 01   2286.470
1957 01 01   2300.312
1957 04 01   2294.618
1957 07 01   2317.001
1957 10 01   2292.459
1958 01 01   2230.219
1958 04 01   2243.374
1958 07 01   2295.207
1958 10 01   2348.023
1959 01 01   2392.886
1959 04 01   2455.813
1959 07 01   2453.948
1959 10 01   2462.587
1960 01 01   2517.365
1960 04 01   2504.800
1960 07 01   2508.726
1960 10 01   2476.232
1961 01 01   2491.154
1961 04 01   2537.981
1961 07 01   2579.114
1961 10 01   2631.831
1962 01 01   2679.149
1962 04 01   2708.404
1962 07 01   2733.339
1962 10 01   2740.014
1963 01 01   2775.944
1963 04 01   2810.598
1963 07 01   2863.512
1963 10 01   2885.796
1964 01 01   2950.490
1964 04 01   2984.751
1964 07 01   3025.492
1964 10 01   3033.640
1965 01 01   3108.151
1965 04 01   3150.167
1965 07 01   3214.076
1965 10 01   3291.826
1966 01 01   3372.325
1966 04 01   3384.007
1966 07 01   3406.292
1966 10 01   3433.681
1967 01 01   3464.114
1967 04 01   3464.310
1967 07 01   3491.798
1967 10 01   3518.205
1968 01 01   3590.655
1968 04 01   3651.618
1968 07 01   3676.455
1968 10 01   3691.966
1969 01 01   3750.180
1969 04 01   3760.881
1969 07 01   3784.245
1969 10 01   3766.280
1970 01 01   3759.997
1970 04 01   3767.066
1970 07 01   3800.541
1970 10 01   3759.801
1971 01 01   3864.057
1971 04 01   3885.851
1971 07 01   3916.676
1971 10 01   3927.867
1972 01 01   3997.666
1972 04 01   4092.105
1972 07 01   4131.079
1972 10 01   4198.718
1973 01 01   4305.330
1973 04 01   4355.102
1973 07 01   4331.934
1973 10 01   4373.263
1974 01 01   4335.370
1974 04 01   4347.936
1974 07 01   4305.821
1974 10 01   4288.936
1975 01 01   4237.593
1975 04 01   4268.614
1975 07 01   4340.867
1975 10 01   4397.806
1976 01 01   4496.761
1976 04 01   4530.335
1976 07 01   4552.030
1976 10 01   4584.623
1977 01 01   4639.990
1977 04 01   4731.092
1977 07 01   4815.812
1977 10 01   4815.321
1978 01 01   4830.832
1978 04 01   5021.183
1978 07 01   5070.661
1978 10 01   5137.416
1979 01 01   5147.430
1979 04 01   5152.338
1979 07 01   5189.446
1979 10 01   5204.662
1980 01 01   5221.253
1980 04 01   5115.917
1980 07 01   5107.376
1980 10 01   5202.110
1981 01 01   5307.544
1981 04 01   5266.117
1981 07 01   5329.829
1981 10 01   5263.368
1982 01 01   5177.077
1982 04 01   5204.859
1982 07 01   5185.225
1982 10 01   5189.839
1983 01 01   5253.845
1983 04 01   5372.336
1983 07 01   5478.360
1983 10 01   5590.469
1984 01 01   5699.830
1984 04 01   5797.902
1984 07 01   5854.251
1984 10 01   5902.354
1985 01 01   5956.937
1985 04 01   6007.789
1985 07 01   6101.737
1985 10 01   6148.564
1986 01 01   6207.368
1986 04 01   6232.008
1986 07 01   6291.695
1986 10 01   6323.404
1987 01 01   6365.028
1987 04 01   6435.023
1987 07 01   6493.434
1987 10 01   6606.820
1988 01 01   6639.118
1988 04 01   6723.544
1988 07 01   6759.376
1988 10 01   6848.612
1989 01 01   6918.116
1989 04 01   6963.471
1989 07 01   7013.144
1989 10 01   7030.913
1990 01 01   7112.100
1990 04 01   7130.261
1990 07 01   7130.752
1990 10 01   7076.857
1991 01 01   7040.828
1991 04 01   7086.477
1991 07 01   7120.738
1991 10 01   7154.116
1992 01 01   7228.234
1992 04 01   7297.935
1992 07 01   7369.500
1992 10 01   7450.687
1993 01 01   7459.718
1993 04 01   7497.514
1993 07 01   7535.996
1993 10 01   7637.406
1994 01 01   7715.058
1994 04 01   7815.682
1994 07 01   7859.465
1994 10 01   7951.647
1995 01 01   7973.735
1995 04 01   7987.970
1995 07 01   8053.056
1995 10 01   8111.958
1996 01 01   8169.191
1996 04 01   8303.094
1996 07 01   8372.697
1996 10 01   8470.572
1997 01 01   8536.051
1997 04 01   8665.831
1997 07 01   8773.720
1997 10 01   8838.414
1998 01 01   8936.191
1998 04 01   8995.289
1998 07 01   9098.858
1998 10 01   9237.081
1999 01 01   9315.518
1999 04 01   9392.581
1999 07 01   9502.237
1999 10 01   9671.089
2000 01 01   9695.631
2000 04 01   9847.892
2000 07 01   9836.603
2000 10 01   9887.749
2001 01 01   9875.576
2001 04 01   9905.911
2001 07 01   9871.060
2001 10 01   9910.034
2002 01 01   9977.280
2002 04 01  10031.568
2002 07 01  10090.666
2002 10 01  10095.771
2003 01 01  10138.573
2003 04 01  10230.362
2003 07 01  10410.896
2003 10 01  10502.586
2004 01 01  10612.536
2004 04 01  10704.128
2004 07 01  10808.876
2004 10 01  10897.130
2005 01 01  10999.325
2005 04 01  11089.150
2005 07 01  11202.340
2005 10 01  11248.283
