AK     1975 1     61.44
AK     1975 2     62.45
AK     1975 3     65.53
AK     1975 4     72.90
AK     1976 1     69.68
AK     1976 2     70.25
AK     1976 3     71.02
AK     1976 4     77.37
AK     1977 1     75.68
AK     1977 2     76.26
AK     1977 3     75.59
AK     1977 4     78.64
AK     1978 1     80.39
AK     1978 2     84.50
AK     1978 3     87.08
AK     1978 4     86.09
AK     1979 1     87.76
AK     1979 2     98.09
AK     1979 3     93.15
AK     1979 4     91.56
AK     1980 1    100.00
AK     1980 2     82.82
AK     1980 3     80.84
AK     1980 4     86.08
AK     1981 1     93.27
AK     1981 2    108.35
AK     1981 3    112.65
AK     1981 4    126.69
AK     1982 1    130.78
AK     1982 2    126.04
AK     1982 3    137.17
AK     1982 4    133.80
AK     1983 1    135.05
AK     1983 2    141.30
AK     1983 3    142.98
AK     1983 4    142.15
AK     1984 1    147.77
AK     1984 2    144.46
AK     1984 3    150.05
AK     1984 4    148.12
AK     1985 1    141.33
AK     1985 2    141.85
AK     1985 3    141.93
AK     1985 4    138.44
AK     1986 1    138.02
AK     1986 2    140.96
AK     1986 3    136.36
AK     1986 4    132.99
AK     1987 1    129.49
AK     1987 2    121.37
AK     1987 3    112.72
AK     1987 4    102.32
AK     1988 1    117.85
AK     1988 2    112.84
AK     1988 3    122.40
AK     1988 4    128.43
AK     1989 1    124.73
AK     1989 2    101.18
AK     1989 3    101.42
AK     1989 4     99.52
AK     1990 1     95.64
AK     1990 2    108.96
AK     1990 3    118.44
AK     1990 4    116.17
AK     1991 1    120.89
AK     1991 2    123.78
AK     1991 3    127.51
AK     1991 4    127.57
AK     1992 1    129.21
AK     1992 2    130.48
AK     1992 3    131.29
AK     1992 4    132.24
AK     1993 1    131.53
AK     1993 2    132.24
AK     1993 3    134.60
AK     1993 4    135.21
AK     1994 1    136.27
AK     1994 2    139.47
AK     1994 3    141.39
AK     1994 4    140.08
AK     1995 1    142.75
AK     1995 2    144.84
AK     1995 3    146.21
AK     1995 4    146.76
AK     1996 1    149.19
AK     1996 2    151.79
AK     1996 3    152.11
AK     1996 4    154.15
AK     1997 1    154.02
AK     1997 2    154.99
AK     1997 3    156.41
AK     1997 4    158.20
AK     1998 1    158.31
AK     1998 2    160.91
AK     1998 3    161.88
AK     1998 4    161.98
AK     1999 1    163.92
AK     1999 2    167.25
AK     1999 3    166.66
AK     1999 4    166.97
AK     2000 1    166.56
AK     2000 2    169.21
AK     2000 3    169.64
AK     2000 4    170.29
AK     2001 1    173.45
AK     2001 2    176.64
AK     2001 3    179.72
AK     2001 4    179.70
AK     2002 1    182.78
AK     2002 2    187.56
AK     2002 3    189.09
AK     2002 4    188.65
AK     2003 1    190.17
AK     2003 2    192.70
AK     2003 3    197.48
AK     2003 4    204.83
AK     2004 1    206.01
AK     2004 2    211.23
AK     2004 3    222.19
AK     2004 4    225.26
AK     2005 1    230.61
AK     2005 2    238.86
AK     2005 3    248.42
AK     2005 4    256.04
AK     2006 1    260.27
AK     2006 2    267.77
AK     2006 3    272.83
AK     2006 4    273.86
AK     2007 1    279.13
AK     2007 2    284.14
AK     2007 3    283.45
AK     2007 4    283.78
AK     2008 1    282.84
AK     2008 2    284.46
AK     2008 3    282.66