AL     1975 1     71.77
AL     1975 2     68.40
AL     1975 3     74.72
AL     1975 4     67.24
AL     1976 1     72.83
AL     1976 2     74.16
AL     1976 3     76.13
AL     1976 4     78.15
AL     1977 1     82.35
AL     1977 2     82.03
AL     1977 3     83.26
AL     1977 4     82.63
AL     1978 1     86.98
AL     1978 2     88.12
AL     1978 3     93.77
AL     1978 4     90.46
AL     1979 1     96.43
AL     1979 2     97.61
AL     1979 3     96.62
AL     1979 4     97.10
AL     1980 1    100.00
AL     1980 2     99.53
AL     1980 3    102.85
AL     1980 4    102.68
AL     1981 1    102.03
AL     1981 2    102.08
AL     1981 3    103.85
AL     1981 4    104.82
AL     1982 1    104.12
AL     1982 2    104.83
AL     1982 3    103.91
AL     1982 4    107.22
AL     1983 1    113.17
AL     1983 2    110.57
AL     1983 3    111.10
AL     1983 4    110.78
AL     1984 1    116.90
AL     1984 2    115.11
AL     1984 3    117.95
AL     1984 4    115.68
AL     1985 1    115.13
AL     1985 2    118.74
AL     1985 3    121.43
AL     1985 4    121.89
AL     1986 1    123.67
AL     1986 2    125.45
AL     1986 3    127.54
AL     1986 4    129.86
AL     1987 1    131.44
AL     1987 2    132.59
AL     1987 3    133.11
AL     1987 4    133.08
AL     1988 1    135.45
AL     1988 2    136.78
AL     1988 3    135.73
AL     1988 4    134.79
AL     1989 1    135.77
AL     1989 2    136.98
AL     1989 3    138.86
AL     1989 4    139.71
AL     1990 1    139.23
AL     1990 2    140.59
AL     1990 3    140.75
AL     1990 4    140.79
AL     1991 1    142.47
AL     1991 2    144.22
AL     1991 3    145.11
AL     1991 4    147.45
AL     1992 1    148.62
AL     1992 2    148.91
AL     1992 3    151.78
AL     1992 4    152.82
AL     1993 1    153.85
AL     1993 2    155.65
AL     1993 3    158.40
AL     1993 4    159.68
AL     1994 1    160.75
AL     1994 2    162.65
AL     1994 3    163.21
AL     1994 4    163.27
AL     1995 1    164.74
AL     1995 2    168.00
AL     1995 3    170.93
AL     1995 4    172.39
AL     1996 1    175.38
AL     1996 2    175.26
AL     1996 3    175.46
AL     1996 4    177.64
AL     1997 1    179.34
AL     1997 2    180.70
AL     1997 3    183.50
AL     1997 4    185.89
AL     1998 1    189.18
AL     1998 2    190.64
AL     1998 3    192.64
AL     1998 4    195.09
AL     1999 1    195.67
AL     1999 2    196.42
AL     1999 3    196.65
AL     1999 4    198.26
AL     2000 1    198.76
AL     2000 2    200.49
AL     2000 3    202.19
AL     2000 4    204.64
AL     2001 1    210.91
AL     2001 2    211.83
AL     2001 3    213.25
AL     2001 4    215.73
AL     2002 1    216.19
AL     2002 2    217.16
AL     2002 3    220.61
AL     2002 4    223.09
AL     2003 1    225.30
AL     2003 2    227.40
AL     2003 3    229.00
AL     2003 4    230.15
AL     2004 1    232.59
AL     2004 2    233.78
AL     2004 3    238.36
AL     2004 4    241.96
AL     2005 1    245.38
AL     2005 2    251.25
AL     2005 3    256.44
AL     2005 4    261.81
AL     2006 1    266.97
AL     2006 2    272.01
AL     2006 3    276.90
AL     2006 4    283.18
AL     2007 1    284.89
AL     2007 2    289.66
AL     2007 3    291.61
AL     2007 4    295.09
AL     2008 1    297.96
AL     2008 2    298.73
AL     2008 3    299.81