AZ     1975 1     57.84
AZ     1975 2     61.05
AZ     1975 3     58.80
AZ     1975 4     56.73
AZ     1976 1     57.30
AZ     1976 2     63.54
AZ     1976 3     60.94
AZ     1976 4     60.50
AZ     1977 1     63.23
AZ     1977 2     63.79
AZ     1977 3     66.38
AZ     1977 4     69.43
AZ     1978 1     71.24
AZ     1978 2     73.99
AZ     1978 3     78.92
AZ     1978 4     82.88
AZ     1979 1     87.67
AZ     1979 2     91.99
AZ     1979 3     94.83
AZ     1979 4     99.06
AZ     1980 1    100.00
AZ     1980 2     98.44
AZ     1980 3    106.24
AZ     1980 4    106.41
AZ     1981 1    107.96
AZ     1981 2    110.74
AZ     1981 3    116.45
AZ     1981 4    109.26
AZ     1982 1    106.21
AZ     1982 2    111.93
AZ     1982 3    108.06
AZ     1982 4    110.79
AZ     1983 1    119.16
AZ     1983 2    119.80
AZ     1983 3    115.15
AZ     1983 4    114.04
AZ     1984 1    117.69
AZ     1984 2    121.24
AZ     1984 3    122.71
AZ     1984 4    122.48
AZ     1985 1    125.18
AZ     1985 2    125.74
AZ     1985 3    127.67
AZ     1985 4    129.18
AZ     1986 1    131.39
AZ     1986 2    135.27
AZ     1986 3    135.24
AZ     1986 4    134.29
AZ     1987 1    137.72
AZ     1987 2    136.73
AZ     1987 3    136.06
AZ     1987 4    133.48
AZ     1988 1    134.24
AZ     1988 2    136.25
AZ     1988 3    133.79
AZ     1988 4    133.90
AZ     1989 1    132.63
AZ     1989 2    132.56
AZ     1989 3    134.36
AZ     1989 4    133.71
AZ     1990 1    133.28
AZ     1990 2    132.63
AZ     1990 3    133.30
AZ     1990 4    132.27
AZ     1991 1    134.68
AZ     1991 2    135.43
AZ     1991 3    134.77
AZ     1991 4    138.76
AZ     1992 1    139.55
AZ     1992 2    139.26
AZ     1992 3    140.16
AZ     1992 4    140.93
AZ     1993 1    141.04
AZ     1993 2    142.71
AZ     1993 3    143.89
AZ     1993 4    145.91
AZ     1994 1    147.97
AZ     1994 2    149.90
AZ     1994 3    151.59
AZ     1994 4    153.72
AZ     1995 1    155.05
AZ     1995 2    157.86
AZ     1995 3    160.96
AZ     1995 4    162.92
AZ     1996 1    165.62
AZ     1996 2    165.74
AZ     1996 3    167.30
AZ     1996 4    169.14
AZ     1997 1    170.72
AZ     1997 2    171.58
AZ     1997 3    174.74
AZ     1997 4    177.37
AZ     1998 1    179.54
AZ     1998 2    181.36
AZ     1998 3    183.69
AZ     1998 4    186.04
AZ     1999 1    188.02
AZ     1999 2    190.32
AZ     1999 3    192.83
AZ     1999 4    194.68
AZ     2000 1    199.06
AZ     2000 2    201.20
AZ     2000 3    203.75
AZ     2000 4    207.32
AZ     2001 1    211.90
AZ     2001 2    215.33
AZ     2001 3    218.51
AZ     2001 4    220.60
AZ     2002 1    223.63
AZ     2002 2    226.50
AZ     2002 3    230.46
AZ     2002 4    233.45
AZ     2003 1    236.33
AZ     2003 2    238.70
AZ     2003 3    242.31
AZ     2003 4    250.86
AZ     2004 1    255.14
AZ     2004 2    264.32
AZ     2004 3    280.32
AZ     2004 4    291.60
AZ     2005 1    308.47
AZ     2005 2    340.41
AZ     2005 3    368.17
AZ     2005 4    394.34
AZ     2006 1    410.06
AZ     2006 2    420.41
AZ     2006 3    425.46
AZ     2006 4    429.57
AZ     2007 1    429.64
AZ     2007 2    426.99
AZ     2007 3    420.69
AZ     2007 4    416.20
AZ     2008 1    405.25
AZ     2008 2    387.30
AZ     2008 3    363.94