LA     1975 1     53.67
LA     1975 2     55.98
LA     1975 3     53.41
LA     1975 4     55.74
LA     1976 1     58.50
LA     1976 2     58.09
LA     1976 3     60.02
LA     1976 4     62.76
LA     1977 1     63.33
LA     1977 2     65.93
LA     1977 3     64.03
LA     1977 4     68.94
LA     1978 1     74.63
LA     1978 2     75.48
LA     1978 3     78.06
LA     1978 4     83.48
LA     1979 1     89.53
LA     1979 2     92.79
LA     1979 3     95.40
LA     1979 4     98.30
LA     1980 1    100.00
LA     1980 2    100.40
LA     1980 3    100.85
LA     1980 4    103.11
LA     1981 1    108.36
LA     1981 2    108.19
LA     1981 3    112.07
LA     1981 4    113.81
LA     1982 1    113.95
LA     1982 2    116.25
LA     1982 3    116.49
LA     1982 4    116.35
LA     1983 1    117.42
LA     1983 2    117.60
LA     1983 3    116.58
LA     1983 4    116.91
LA     1984 1    117.17
LA     1984 2    117.51
LA     1984 3    116.50
LA     1984 4    115.46
LA     1985 1    112.68
LA     1985 2    113.97
LA     1985 3    113.93
LA     1985 4    112.00
LA     1986 1    114.37
LA     1986 2    115.35
LA     1986 3    112.65
LA     1986 4    111.26
LA     1987 1    111.33
LA     1987 2    111.15
LA     1987 3    105.70
LA     1987 4    105.09
LA     1988 1    102.57
LA     1988 2    102.85
LA     1988 3    102.23
LA     1988 4    100.40
LA     1989 1    101.45
LA     1989 2    101.24
LA     1989 3    103.16
LA     1989 4    102.87
LA     1990 1    102.38
LA     1990 2    103.44
LA     1990 3    103.71
LA     1990 4    104.13
LA     1991 1    103.74
LA     1991 2    105.98
LA     1991 3    106.97
LA     1991 4    108.75
LA     1992 1    109.95
LA     1992 2    111.17
LA     1992 3    112.44
LA     1992 4    113.61
LA     1993 1    114.47
LA     1993 2    116.41
LA     1993 3    118.55
LA     1993 4    120.17
LA     1994 1    122.23
LA     1994 2    124.94
LA     1994 3    126.14
LA     1994 4    125.95
LA     1995 1    127.21
LA     1995 2    129.91
LA     1995 3    131.81
LA     1995 4    133.33
LA     1996 1    135.19
LA     1996 2    137.02
LA     1996 3    137.79
LA     1996 4    139.70
LA     1997 1    141.12
LA     1997 2    142.00
LA     1997 3    144.21
LA     1997 4    146.58
LA     1998 1    148.57
LA     1998 2    149.79
LA     1998 3    152.21
LA     1998 4    153.76
LA     1999 1    154.97
LA     1999 2    156.74
LA     1999 3    157.73
LA     1999 4    158.38
LA     2000 1    160.64
LA     2000 2    161.05
LA     2000 3    162.97
LA     2000 4    164.51
LA     2001 1    168.80
LA     2001 2    170.51
LA     2001 3    172.15
LA     2001 4    173.72
LA     2002 1    174.63
LA     2002 2    176.03
LA     2002 3    179.07
LA     2002 4    181.75
LA     2003 1    183.79
LA     2003 2    185.58
LA     2003 3    187.24
LA     2003 4    190.44
LA     2004 1    192.63
LA     2004 2    195.44
LA     2004 3    198.95
LA     2004 4    201.53
LA     2005 1    203.86
LA     2005 2    208.19
LA     2005 3    212.45
LA     2005 4    219.88
LA     2006 1    226.78
LA     2006 2    233.15
LA     2006 3    238.32
LA     2006 4    242.69
LA     2007 1    245.50
LA     2007 2    248.13
LA     2007 3    251.04
LA     2007 4    253.31
LA     2008 1    254.32
LA     2008 2    254.91
LA     2008 3    252.14