MD     1975 1     61.45
MD     1975 2     62.89
MD     1975 3     64.69
MD     1975 4     66.34
MD     1976 1     66.84
MD     1976 2     69.27
MD     1976 3     69.99
MD     1976 4     71.79
MD     1977 1     72.28
MD     1977 2     73.58
MD     1977 3     76.61
MD     1977 4     77.38
MD     1978 1     81.40
MD     1978 2     83.33
MD     1978 3     85.52
MD     1978 4     88.23
MD     1979 1     90.34
MD     1979 2     94.50
MD     1979 3     97.07
MD     1979 4     97.83
MD     1980 1    100.00
MD     1980 2    102.96
MD     1980 3    104.99
MD     1980 4    107.40
MD     1981 1    110.80
MD     1981 2    112.46
MD     1981 3    110.16
MD     1981 4    114.18
MD     1982 1    115.30
MD     1982 2    111.30
MD     1982 3    113.96
MD     1982 4    111.70
MD     1983 1    113.61
MD     1983 2    115.20
MD     1983 3    116.44
MD     1983 4    117.64
MD     1984 1    118.72
MD     1984 2    122.55
MD     1984 3    123.91
MD     1984 4    124.15
MD     1985 1    126.35
MD     1985 2    128.15
MD     1985 3    130.51
MD     1985 4    130.58
MD     1986 1    133.39
MD     1986 2    137.24
MD     1986 3    140.63
MD     1986 4    144.30
MD     1987 1    148.37
MD     1987 2    152.72
MD     1987 3    159.44
MD     1987 4    161.81
MD     1988 1    167.19
MD     1988 2    173.28
MD     1988 3    178.77
MD     1988 4    182.76
MD     1989 1    187.37
MD     1989 2    192.14
MD     1989 3    195.61
MD     1989 4    198.86
MD     1990 1    201.12
MD     1990 2    201.90
MD     1990 3    203.00
MD     1990 4    201.61
MD     1991 1    202.95
MD     1991 2    205.29
MD     1991 3    204.76
MD     1991 4    208.71
MD     1992 1    209.54
MD     1992 2    208.20
MD     1992 3    210.13
MD     1992 4    210.86
MD     1993 1    210.12
MD     1993 2    210.90
MD     1993 3    211.62
MD     1993 4    212.45
MD     1994 1    212.87
MD     1994 2    210.82
MD     1994 3    208.99
MD     1994 4    206.93
MD     1995 1    207.00
MD     1995 2    209.44
MD     1995 3    212.10
MD     1995 4    213.82
MD     1996 1    216.32
MD     1996 2    214.06
MD     1996 3    211.99
MD     1996 4    214.55
MD     1997 1    215.37
MD     1997 2    214.46
MD     1997 3    216.35
MD     1997 4    218.90
MD     1998 1    221.61
MD     1998 2    221.36
MD     1998 3    222.71
MD     1998 4    224.89
MD     1999 1    227.23
MD     1999 2    227.87
MD     1999 3    229.74
MD     1999 4    232.10
MD     2000 1    236.49
MD     2000 2    239.20
MD     2000 3    243.41
MD     2000 4    247.32
MD     2001 1    253.18
MD     2001 2    257.91
MD     2001 3    264.70
MD     2001 4    269.17
MD     2002 1    275.91
MD     2002 2    284.69
MD     2002 3    293.62
MD     2002 4    299.65
MD     2003 1    305.34
MD     2003 2    311.76
MD     2003 3    321.10
MD     2003 4    338.55
MD     2004 1    347.87
MD     2004 2    363.78
MD     2004 3    390.64
MD     2004 4    403.95
MD     2005 1    422.07
MD     2005 2    447.23
MD     2005 3    469.88
MD     2005 4    490.67
MD     2006 1    504.90
MD     2006 2    516.98
MD     2006 3    525.52
MD     2006 4    532.70
MD     2007 1    535.68
MD     2007 2    538.62
MD     2007 3    535.04
MD     2007 4    534.72
MD     2008 1    528.42
MD     2008 2    516.83
MD     2008 3    502.61