ME     1975 1     47.91
ME     1975 2     76.82
ME     1975 3     66.79
ME     1975 4     70.37
ME     1976 1     57.27
ME     1976 2     68.92
ME     1976 3     81.86
ME     1976 4     69.53
ME     1977 1     63.17
ME     1977 2     80.34
ME     1977 3     80.70
ME     1977 4     86.97
ME     1978 1     82.77
ME     1978 2     90.90
ME     1978 3     88.19
ME     1978 4     91.75
ME     1979 1    102.93
ME     1979 2    103.93
ME     1979 3     96.46
ME     1979 4    102.53
ME     1980 1    100.00
ME     1980 2    102.93
ME     1980 3    108.10
ME     1980 4    110.35
ME     1981 1    118.00
ME     1981 2    118.94
ME     1981 3    106.48
ME     1981 4    112.31
ME     1982 1    106.60
ME     1982 2    126.00
ME     1982 3    103.38
ME     1982 4    111.46
ME     1983 1    112.33
ME     1983 2    118.04
ME     1983 3    123.91
ME     1983 4    129.41
ME     1984 1    130.38
ME     1984 2    136.97
ME     1984 3    139.54
ME     1984 4    137.70
ME     1985 1    143.79
ME     1985 2    148.40
ME     1985 3    153.60
ME     1985 4    161.90
ME     1986 1    163.99
ME     1986 2    170.84
ME     1986 3    177.27
ME     1986 4    186.66
ME     1987 1    192.95
ME     1987 2    200.79
ME     1987 3    208.97
ME     1987 4    218.43
ME     1988 1    223.67
ME     1988 2    225.79
ME     1988 3    231.49
ME     1988 4    234.28
ME     1989 1    235.77
ME     1989 2    237.34
ME     1989 3    240.39
ME     1989 4    243.72
ME     1990 1    239.33
ME     1990 2    234.13
ME     1990 3    231.43
ME     1990 4    232.99
ME     1991 1    226.88
ME     1991 2    230.42
ME     1991 3    227.18
ME     1991 4    228.79
ME     1992 1    230.48
ME     1992 2    225.57
ME     1992 3    226.49
ME     1992 4    227.66
ME     1993 1    224.73
ME     1993 2    227.34
ME     1993 3    226.34
ME     1993 4    228.41
ME     1994 1    228.05
ME     1994 2    223.65
ME     1994 3    221.58
ME     1994 4    216.99
ME     1995 1    219.69
ME     1995 2    222.29
ME     1995 3    226.99
ME     1995 4    227.47
ME     1996 1    232.66
ME     1996 2    229.03
ME     1996 3    228.56
ME     1996 4    232.70
ME     1997 1    230.90
ME     1997 2    233.15
ME     1997 3    236.76
ME     1997 4    240.64
ME     1998 1    243.84
ME     1998 2    245.76
ME     1998 3    249.07
ME     1998 4    252.43
ME     1999 1    255.08
ME     1999 2    259.88
ME     1999 3    265.46
ME     1999 4    268.08
ME     2000 1    273.31
ME     2000 2    280.83
ME     2000 3    286.93
ME     2000 4    292.74
ME     2001 1    302.00
ME     2001 2    307.51
ME     2001 3    316.40
ME     2001 4    321.71
ME     2002 1    328.81
ME     2002 2    338.79
ME     2002 3    348.45
ME     2002 4    354.90
ME     2003 1    361.66
ME     2003 2    366.46
ME     2003 3    377.24
ME     2003 4    391.74
ME     2004 1    400.92
ME     2004 2    411.94
ME     2004 3    431.21
ME     2004 4    441.15
ME     2005 1    453.32
ME     2005 2    464.76
ME     2005 3    476.31
ME     2005 4    484.89
ME     2006 1    491.34
ME     2006 2    490.43
ME     2006 3    494.28
ME     2006 4    504.27
ME     2007 1    508.19
ME     2007 2    505.56
ME     2007 3    506.09
ME     2007 4    514.87
ME     2008 1    519.77
ME     2008 2    514.79
ME     2008 3    513.39