MO     1975 1     67.27
MO     1975 2     72.96
MO     1975 3     66.72
MO     1975 4     65.31
MO     1976 1     66.57
MO     1976 2     77.69
MO     1976 3     70.37
MO     1976 4     69.84
MO     1977 1     71.67
MO     1977 2     80.55
MO     1977 3     77.19
MO     1977 4     80.41
MO     1978 1     83.54
MO     1978 2     91.43
MO     1978 3     88.64
MO     1978 4     91.80
MO     1979 1     94.08
MO     1979 2    101.25
MO     1979 3     98.52
MO     1979 4    101.52
MO     1980 1    100.00
MO     1980 2    109.78
MO     1980 3    104.94
MO     1980 4    105.12
MO     1981 1    105.18
MO     1981 2    102.91
MO     1981 3    102.60
MO     1981 4    101.59
MO     1982 1    103.22
MO     1982 2    101.05
MO     1982 3    103.30
MO     1982 4    103.56
MO     1983 1    105.27
MO     1983 2    107.33
MO     1983 3    111.12
MO     1983 4    112.71
MO     1984 1    112.85
MO     1984 2    114.97
MO     1984 3    118.66
MO     1984 4    118.77
MO     1985 1    119.78
MO     1985 2    122.84
MO     1985 3    125.16
MO     1985 4    126.00
MO     1986 1    126.95
MO     1986 2    128.80
MO     1986 3    131.23
MO     1986 4    133.65
MO     1987 1    135.32
MO     1987 2    138.21
MO     1987 3    139.51
MO     1987 4    140.10
MO     1988 1    140.34
MO     1988 2    141.88
MO     1988 3    142.94
MO     1988 4    142.87
MO     1989 1    142.93
MO     1989 2    144.55
MO     1989 3    145.25
MO     1989 4    145.94
MO     1990 1    145.94
MO     1990 2    145.89
MO     1990 3    146.23
MO     1990 4    144.98
MO     1991 1    146.66
MO     1991 2    147.31
MO     1991 3    147.89
MO     1991 4    149.41
MO     1992 1    150.20
MO     1992 2    150.64
MO     1992 3    151.66
MO     1992 4    152.51
MO     1993 1    152.69
MO     1993 2    153.62
MO     1993 3    154.71
MO     1993 4    156.06
MO     1994 1    157.55
MO     1994 2    160.55
MO     1994 3    162.94
MO     1994 4    163.45
MO     1995 1    165.39
MO     1995 2    167.29
MO     1995 3    169.89
MO     1995 4    171.19
MO     1996 1    172.87
MO     1996 2    174.94
MO     1996 3    176.36
MO     1996 4    178.26
MO     1997 1    180.02
MO     1997 2    181.57
MO     1997 3    184.01
MO     1997 4    185.84
MO     1998 1    187.53
MO     1998 2    189.14
MO     1998 3    191.51
MO     1998 4    193.22
MO     1999 1    195.72
MO     1999 2    198.70
MO     1999 3    201.02
MO     1999 4    202.95
MO     2000 1    206.78
MO     2000 2    209.18
MO     2000 3    212.62
MO     2000 4    215.27
MO     2001 1    219.18
MO     2001 2    222.39
MO     2001 3    225.62
MO     2001 4    227.87
MO     2002 1    231.74
MO     2002 2    234.70
MO     2002 3    237.61
MO     2002 4    240.63
MO     2003 1    242.66
MO     2003 2    244.34
MO     2003 3    247.38
MO     2003 4    253.12
MO     2004 1    256.04
MO     2004 2    259.49
MO     2004 3    265.81
MO     2004 4    269.65
MO     2005 1    274.03
MO     2005 2    278.52
MO     2005 3    283.31
MO     2005 4    287.19
MO     2006 1    290.33
MO     2006 2    291.62
MO     2006 3    294.63
MO     2006 4    298.67
MO     2007 1    301.00
MO     2007 2    302.29
MO     2007 3    301.86
MO     2007 4    305.01
MO     2008 1    305.81
MO     2008 2    304.58
MO     2008 3    299.89