MS     1975 1     77.46
MS     1975 2     73.76
MS     1975 3     74.63
MS     1975 4     71.18
MS     1976 1     75.88
MS     1976 2     80.75
MS     1976 3     74.31
MS     1976 4     78.18
MS     1977 1     74.80
MS     1977 2     79.88
MS     1977 3     80.99
MS     1977 4     87.91
MS     1978 1     85.79
MS     1978 2     85.79
MS     1978 3     87.42
MS     1978 4     88.76
MS     1979 1    102.62
MS     1979 2    103.32
MS     1979 3    106.74
MS     1979 4     95.05
MS     1980 1    100.00
MS     1980 2     98.87
MS     1980 3    105.79
MS     1980 4     98.43
MS     1981 1     97.05
MS     1981 2    117.27
MS     1981 3    109.84
MS     1981 4     94.77
MS     1982 1    103.53
MS     1982 2    105.71
MS     1982 3    112.23
MS     1982 4    109.63
MS     1983 1    114.50
MS     1983 2    115.48
MS     1983 3    113.55
MS     1983 4    116.88
MS     1984 1    121.95
MS     1984 2    115.74
MS     1984 3    112.56
MS     1984 4    117.87
MS     1985 1    120.91
MS     1985 2    124.22
MS     1985 3    123.91
MS     1985 4    123.91
MS     1986 1    125.80
MS     1986 2    127.52
MS     1986 3    125.83
MS     1986 4    125.34
MS     1987 1    128.09
MS     1987 2    126.14
MS     1987 3    127.58
MS     1987 4    123.39
MS     1988 1    123.33
MS     1988 2    125.60
MS     1988 3    124.30
MS     1988 4    125.86
MS     1989 1    121.79
MS     1989 2    125.61
MS     1989 3    127.45
MS     1989 4    126.38
MS     1990 1    128.36
MS     1990 2    125.89
MS     1990 3    127.59
MS     1990 4    126.40
MS     1991 1    129.13
MS     1991 2    128.11
MS     1991 3    127.99
MS     1991 4    131.19
MS     1992 1    132.88
MS     1992 2    133.39
MS     1992 3    134.30
MS     1992 4    134.88
MS     1993 1    135.40
MS     1993 2    137.20
MS     1993 3    139.08
MS     1993 4    140.23
MS     1994 1    142.41
MS     1994 2    144.39
MS     1994 3    145.97
MS     1994 4    148.38
MS     1995 1    148.06
MS     1995 2    151.54
MS     1995 3    153.96
MS     1995 4    155.36
MS     1996 1    156.64
MS     1996 2    157.44
MS     1996 3    160.20
MS     1996 4    161.35
MS     1997 1    162.00
MS     1997 2    163.22
MS     1997 3    165.34
MS     1997 4    167.88
MS     1998 1    170.12
MS     1998 2    172.59
MS     1998 3    174.20
MS     1998 4    176.03
MS     1999 1    178.19
MS     1999 2    180.47
MS     1999 3    181.23
MS     1999 4    180.82
MS     2000 1    182.94
MS     2000 2    184.21
MS     2000 3    186.91
MS     2000 4    188.34
MS     2001 1    193.28
MS     2001 2    194.52
MS     2001 3    196.52
MS     2001 4    198.12
MS     2002 1    198.79
MS     2002 2    198.16
MS     2002 3    201.80
MS     2002 4    203.58
MS     2003 1    205.09
MS     2003 2    206.62
MS     2003 3    207.74
MS     2003 4    209.15
MS     2004 1    211.48
MS     2004 2    213.65
MS     2004 3    216.36
MS     2004 4    219.32
MS     2005 1    220.93
MS     2005 2    225.49
MS     2005 3    229.75
MS     2005 4    235.23
MS     2006 1    239.55
MS     2006 2    246.66
MS     2006 3    252.19
MS     2006 4    256.81
MS     2007 1    261.60
MS     2007 2    262.54
MS     2007 3    264.62
MS     2007 4    268.53
MS     2008 1    269.72
MS     2008 2    270.19
MS     2008 3    264.87