ND     1975 1     70.05
ND     1975 2     60.43
ND     1975 3     69.75
ND     1975 4     64.34
ND     1976 1     73.92
ND     1976 2     75.81
ND     1976 3     72.43
ND     1976 4     77.62
ND     1977 1     83.39
ND     1977 2     89.90
ND     1977 3     81.89
ND     1977 4     79.66
ND     1978 1     89.46
ND     1978 2     81.66
ND     1978 3     91.86
ND     1978 4     86.56
ND     1979 1    102.55
ND     1979 2    102.57
ND     1979 3    100.84
ND     1979 4    106.09
ND     1980 1    100.00
ND     1980 2    118.32
ND     1980 3    102.44
ND     1980 4     99.59
ND     1981 1    101.18
ND     1981 2    110.68
ND     1981 3    122.23
ND     1981 4    114.53
ND     1982 1    103.69
ND     1982 2     83.04
ND     1982 3     81.94
ND     1982 4     91.39
ND     1983 1    107.34
ND     1983 2    110.47
ND     1983 3     89.08
ND     1983 4    112.00
ND     1984 1    122.59
ND     1984 2    114.84
ND     1984 3    118.01
ND     1984 4    113.91
ND     1985 1    112.11
ND     1985 2    112.66
ND     1985 3    116.12
ND     1985 4    111.59
ND     1986 1    116.12
ND     1986 2    115.27
ND     1986 3    114.85
ND     1986 4    112.80
ND     1987 1    116.70
ND     1987 2    113.95
ND     1987 3    113.92
ND     1987 4    112.87
ND     1988 1    110.63
ND     1988 2    112.43
ND     1988 3    112.56
ND     1988 4    108.01
ND     1989 1    112.12
ND     1989 2    111.32
ND     1989 3    112.86
ND     1989 4    114.26
ND     1990 1    114.48
ND     1990 2    113.74
ND     1990 3    115.89
ND     1990 4    114.45
ND     1991 1    116.06
ND     1991 2    117.33
ND     1991 3    117.96
ND     1991 4    118.68
ND     1992 1    121.35
ND     1992 2    121.61
ND     1992 3    122.72
ND     1992 4    124.02
ND     1993 1    125.20
ND     1993 2    127.46
ND     1993 3    129.95
ND     1993 4    130.98
ND     1994 1    132.68
ND     1994 2    136.62
ND     1994 3    137.79
ND     1994 4    137.91
ND     1995 1    139.32
ND     1995 2    141.97
ND     1995 3    143.46
ND     1995 4    144.25
ND     1996 1    148.11
ND     1996 2    146.19
ND     1996 3    148.94
ND     1996 4    149.08
ND     1997 1    149.75
ND     1997 2    149.90
ND     1997 3    152.58
ND     1997 4    154.64
ND     1998 1    158.14
ND     1998 2    159.21
ND     1998 3    161.01
ND     1998 4    161.26
ND     1999 1    162.21
ND     1999 2    162.63
ND     1999 3    162.74
ND     1999 4    161.77
ND     2000 1    162.99
ND     2000 2    163.93
ND     2000 3    165.74
ND     2000 4    167.58
ND     2001 1    172.13
ND     2001 2    173.04
ND     2001 3    174.67
ND     2001 4    175.98
ND     2002 1    177.68
ND     2002 2    179.78
ND     2002 3    183.67
ND     2002 4    185.78
ND     2003 1    186.84
ND     2003 2    189.70
ND     2003 3    191.85
ND     2003 4    196.28
ND     2004 1    197.63
ND     2004 2    202.17
ND     2004 3    208.23
ND     2004 4    212.99
ND     2005 1    214.23
ND     2005 2    219.46
ND     2005 3    226.29
ND     2005 4    229.04
ND     2006 1    231.61
ND     2006 2    237.72
ND     2006 3    241.20
ND     2006 4    241.78
ND     2007 1    248.57
ND     2007 2    252.78
ND     2007 3    253.74
ND     2007 4    260.50
ND     2008 1    259.84
ND     2008 2    262.18
ND     2008 3    263.94