NE     1975 1     65.71
NE     1975 2     63.56
NE     1975 3     61.45
NE     1975 4     69.07
NE     1976 1     74.05
NE     1976 2     71.21
NE     1976 3     68.42
NE     1976 4     71.66
NE     1977 1     75.40
NE     1977 2     76.95
NE     1977 3     78.69
NE     1977 4     82.42
NE     1978 1     79.98
NE     1978 2     85.39
NE     1978 3     85.72
NE     1978 4     87.58
NE     1979 1     94.71
NE     1979 2     94.55
NE     1979 3     97.10
NE     1979 4     97.71
NE     1980 1    100.00
NE     1980 2     99.52
NE     1980 3    102.01
NE     1980 4    105.23
NE     1981 1    103.29
NE     1981 2    102.73
NE     1981 3    101.45
NE     1981 4     99.83
NE     1982 1    106.90
NE     1982 2    108.30
NE     1982 3    109.72
NE     1982 4    108.60
NE     1983 1    109.76
NE     1983 2    109.93
NE     1983 3    110.92
NE     1983 4    111.19
NE     1984 1    109.92
NE     1984 2    113.85
NE     1984 3    112.33
NE     1984 4    111.48
NE     1985 1    112.32
NE     1985 2    113.26
NE     1985 3    113.44
NE     1985 4    114.72
NE     1986 1    115.68
NE     1986 2    115.96
NE     1986 3    115.95
NE     1986 4    117.14
NE     1987 1    117.78
NE     1987 2    117.35
NE     1987 3    116.36
NE     1987 4    117.20
NE     1988 1    117.34
NE     1988 2    118.13
NE     1988 3    118.62
NE     1988 4    118.46
NE     1989 1    119.61
NE     1989 2    121.05
NE     1989 3    121.50
NE     1989 4    123.01
NE     1990 1    123.87
NE     1990 2    125.81
NE     1990 3    127.20
NE     1990 4    127.34
NE     1991 1    128.36
NE     1991 2    129.82
NE     1991 3    130.76
NE     1991 4    131.85
NE     1992 1    133.57
NE     1992 2    135.33
NE     1992 3    137.48
NE     1992 4    138.34
NE     1993 1    139.72
NE     1993 2    141.33
NE     1993 3    143.56
NE     1993 4    145.79
NE     1994 1    147.76
NE     1994 2    152.71
NE     1994 3    156.44
NE     1994 4    156.18
NE     1995 1    157.36
NE     1995 2    160.90
NE     1995 3    163.05
NE     1995 4    164.35
NE     1996 1    166.43
NE     1996 2    169.47
NE     1996 3    172.03
NE     1996 4    173.20
NE     1997 1    174.74
NE     1997 2    177.94
NE     1997 3    180.23
NE     1997 4    182.59
NE     1998 1    184.57
NE     1998 2    185.78
NE     1998 3    188.50
NE     1998 4    190.75
NE     1999 1    192.06
NE     1999 2    195.43
NE     1999 3    196.30
NE     1999 4    197.47
NE     2000 1    198.84
NE     2000 2    201.42
NE     2000 3    203.32
NE     2000 4    204.84
NE     2001 1    207.66
NE     2001 2    209.96
NE     2001 3    211.72
NE     2001 4    213.44
NE     2002 1    215.29
NE     2002 2    216.31
NE     2002 3    218.54
NE     2002 4    220.04
NE     2003 1    221.28
NE     2003 2    222.35
NE     2003 3    224.66
NE     2003 4    228.47
NE     2004 1    229.63
NE     2004 2    232.95
NE     2004 3    237.56
NE     2004 4    240.03
NE     2005 1    241.58
NE     2005 2    245.36
NE     2005 3    249.01
NE     2005 4    248.81
NE     2006 1    249.50
NE     2006 2    252.24
NE     2006 3    254.02
NE     2006 4    254.14
NE     2007 1    256.07
NE     2007 2    258.04
NE     2007 3    257.84
NE     2007 4    258.49
NE     2008 1    260.76
NE     2008 2    261.53
NE     2008 3    257.15