NH     1975 1     58.47
NH     1975 2     75.03
NH     1975 3     75.56
NH     1975 4     65.28
NH     1976 1     70.65
NH     1976 2     68.37
NH     1976 3     72.39
NH     1976 4     72.72
NH     1977 1     84.77
NH     1977 2     73.11
NH     1977 3     73.52
NH     1977 4     81.82
NH     1978 1     74.37
NH     1978 2     80.59
NH     1978 3     88.86
NH     1978 4     93.36
NH     1979 1     93.41
NH     1979 2     98.33
NH     1979 3     99.50
NH     1979 4    102.73
NH     1980 1    100.00
NH     1980 2    103.51
NH     1980 3    108.51
NH     1980 4    105.88
NH     1981 1    102.81
NH     1981 2    107.88
NH     1981 3    105.51
NH     1981 4    114.04
NH     1982 1    111.05
NH     1982 2    108.05
NH     1982 3    116.02
NH     1982 4    112.93
NH     1983 1    115.24
NH     1983 2    120.40
NH     1983 3    123.89
NH     1983 4    124.30
NH     1984 1    129.88
NH     1984 2    136.21
NH     1984 3    142.19
NH     1984 4    146.32
NH     1985 1    151.15
NH     1985 2    161.07
NH     1985 3    170.07
NH     1985 4    180.55
NH     1986 1    189.47
NH     1986 2    198.76
NH     1986 3    207.96
NH     1986 4    219.84
NH     1987 1    225.27
NH     1987 2    234.73
NH     1987 3    237.48
NH     1987 4    241.16
NH     1988 1    240.92
NH     1988 2    243.96
NH     1988 3    243.65
NH     1988 4    243.61
NH     1989 1    243.93
NH     1989 2    240.99
NH     1989 3    244.34
NH     1989 4    244.73
NH     1990 1    240.62
NH     1990 2    229.79
NH     1990 3    224.71
NH     1990 4    216.87
NH     1991 1    214.31
NH     1991 2    210.82
NH     1991 3    206.26
NH     1991 4    206.71
NH     1992 1    206.73
NH     1992 2    202.07
NH     1992 3    201.40
NH     1992 4    201.21
NH     1993 1    199.57
NH     1993 2    201.85
NH     1993 3    202.15
NH     1993 4    202.85
NH     1994 1    203.20
NH     1994 2    200.17
NH     1994 3    196.63
NH     1994 4    195.74
NH     1995 1    196.24
NH     1995 2    198.99
NH     1995 3    203.38
NH     1995 4    205.95
NH     1996 1    207.43
NH     1996 2    206.71
NH     1996 3    208.54
NH     1996 4    210.30
NH     1997 1    211.71
NH     1997 2    214.15
NH     1997 3    217.04
NH     1997 4    220.45
NH     1998 1    223.76
NH     1998 2    228.14
NH     1998 3    232.23
NH     1998 4    236.37
NH     1999 1    239.74
NH     1999 2    246.55
NH     1999 3    254.42
NH     1999 4    259.14
NH     2000 1    269.14
NH     2000 2    278.11
NH     2000 3    288.54
NH     2000 4    296.82
NH     2001 1    303.83
NH     2001 2    314.28
NH     2001 3    324.74
NH     2001 4    331.07
NH     2002 1    340.08
NH     2002 2    351.88
NH     2002 3    362.80
NH     2002 4    371.16
NH     2003 1    376.99
NH     2003 2    382.56
NH     2003 3    392.48
NH     2003 4    407.83
NH     2004 1    413.91
NH     2004 2    424.57
NH     2004 3    442.92
NH     2004 4    452.38
NH     2005 1    464.22
NH     2005 2    475.52
NH     2005 3    486.69
NH     2005 4    493.51
NH     2006 1    497.88
NH     2006 2    496.78
NH     2006 3    496.04
NH     2006 4    499.94
NH     2007 1    499.84
NH     2007 2    498.48
NH     2007 3    491.51
NH     2007 4    494.43
NH     2008 1    495.74
NH     2008 2    487.56
NH     2008 3    472.47