NV     1975 1     52.19
NV     1975 2     52.59
NV     1975 3     53.28
NV     1975 4     57.57
NV     1976 1     57.24
NV     1976 2     57.78
NV     1976 3     58.70
NV     1976 4     61.64
NV     1977 1     63.54
NV     1977 2     66.18
NV     1977 3     69.17
NV     1977 4     74.45
NV     1978 1     75.74
NV     1978 2     81.16
NV     1978 3     85.30
NV     1978 4     87.40
NV     1979 1     93.06
NV     1979 2     97.25
NV     1979 3     99.65
NV     1979 4     99.26
NV     1980 1    100.00
NV     1980 2    102.63
NV     1980 3    103.66
NV     1980 4    105.40
NV     1981 1    106.49
NV     1981 2    116.13
NV     1981 3    117.35
NV     1981 4    110.80
NV     1982 1    119.11
NV     1982 2    119.20
NV     1982 3    119.24
NV     1982 4    121.30
NV     1983 1    119.07
NV     1983 2    116.66
NV     1983 3    118.44
NV     1983 4    112.16
NV     1984 1    118.44
NV     1984 2    116.86
NV     1984 3    111.05
NV     1984 4    116.86
NV     1985 1    116.05
NV     1985 2    116.55
NV     1985 3    118.06
NV     1985 4    117.68
NV     1986 1    119.94
NV     1986 2    122.65
NV     1986 3    123.32
NV     1986 4    122.93
NV     1987 1    126.13
NV     1987 2    124.90
NV     1987 3    123.93
NV     1987 4    123.20
NV     1988 1    124.28
NV     1988 2    125.55
NV     1988 3    127.12
NV     1988 4    128.04
NV     1989 1    129.12
NV     1989 2    130.67
NV     1989 3    134.19
NV     1989 4    136.04
NV     1990 1    138.76
NV     1990 2    140.63
NV     1990 3    144.31
NV     1990 4    146.07
NV     1991 1    149.14
NV     1991 2    150.41
NV     1991 3    151.03
NV     1991 4    154.11
NV     1992 1    155.71
NV     1992 2    155.15
NV     1992 3    158.04
NV     1992 4    158.99
NV     1993 1    158.74
NV     1993 2    160.11
NV     1993 3    161.40
NV     1993 4    162.43
NV     1994 1    162.42
NV     1994 2    163.15
NV     1994 3    163.90
NV     1994 4    163.31
NV     1995 1    164.21
NV     1995 2    167.74
NV     1995 3    170.37
NV     1995 4    171.87
NV     1996 1    173.95
NV     1996 2    172.97
NV     1996 3    172.87
NV     1996 4    174.86
NV     1997 1    175.84
NV     1997 2    176.01
NV     1997 3    178.91
NV     1997 4    179.56
NV     1998 1    181.84
NV     1998 2    182.46
NV     1998 3    183.34
NV     1998 4    184.48
NV     1999 1    184.87
NV     1999 2    184.23
NV     1999 3    185.38
NV     1999 4    185.38
NV     2000 1    187.14
NV     2000 2    189.34
NV     2000 3    191.18
NV     2000 4    194.24
NV     2001 1    198.58
NV     2001 2    201.10
NV     2001 3    204.87
NV     2001 4    207.60
NV     2002 1    210.50
NV     2002 2    213.86
NV     2002 3    218.62
NV     2002 4    221.19
NV     2003 1    225.27
NV     2003 2    229.53
NV     2003 3    236.16
NV     2003 4    250.34
NV     2004 1    263.31
NV     2004 2    287.44
NV     2004 3    323.77
NV     2004 4    335.84
NV     2005 1    349.68
NV     2005 2    368.46
NV     2005 3    381.89
NV     2005 4    397.04
NV     2006 1    407.18
NV     2006 2    408.98
NV     2006 3    410.05
NV     2006 4    411.52
NV     2007 1    409.03
NV     2007 2    402.46
NV     2007 3    393.50
NV     2007 4    384.98
NV     2008 1    365.98
NV     2008 2    343.99
NV     2008 3    311.17