6.87
6.87
6.75
6.52
6.66
6.67
6.69
6.61
6.83
6.86
6.81
7.14
7.55
7.65
7.73
7.58
7.67
7.6
7.82
8.08
8.06
8.02
7.9
8.27
7.9
7.83
7.66
7.59
7.39
7.27
6.85
6.77
6.68
6.72
6.87
6.96
6.78
6.6
6.44
6.23
6.17
6.58
6.74
6.52
6.28
6.66
6.36
6.29
6.15
6.06
5.9
5.74
5.77
5.8
5.53
5.57
5.46
5.53
5.39
5
5.1
5.96
5.96
5.39
5.57
5.49
5.47
5.4
5.25
5.21
5.79
5.9
5.87
5.72
5.4
5.37
5.27
5.39
5.36
5.2
5.29
5.6
5.31
5.19
5.11
5.33
5.26
5.42
5.76
5.78
5.7
5.76
5.75
5.98
6.13
6.22
6.38
6.17
5.94
5.8
5.84
5.65
5.75
5.9
5.7
5.72
5.77
6.01
6.28
6.28
6.1
6.06
5.9
5.69
5.79
5.49
5.8
5.67
5.8
5.98
6.17
6.26
6.26
5.94
6.41
5.76
5.26
5.34
5.25
