970
901
1197
1044
1165
1118
1060
1263
1161
1181
989
902
1050
1342
1376
1356
1330
1160
1270
1276
1059
1193
874
840
1035
1069
1256
1368
1264
1144
1251
1125
1131
1123
863
805
962
1097
1374
1472
1299
1337
1235
1368
1200
1237
984
1078
1098
1192
1653
1547
1421
1573
1458
1347
1425
1415
1110
1031
1174
1429
1650
1316
1645
1388
1194
1819
1156
1284
1049
809
1242
1242
1588
1492
1533
1455
1378
1568
1050
1353
1241
1085
1497
1751
1703
1779
1600
1562
1638
1569
1321
1677
1265
1385
1492
1554
1769
1819
1677
1864
1943
1984
1800
1751
1443
1613
1755
1786
2284
2349
2088
2207
2128
2082
1860
1688
1723
2104
1942
1783
2258
2081
2089
2095
1930
2076
1996
2092
1873
1762
2227
1869
2508
2003
2234
2102
1903
2286
1657
1726
1379
1629
1702
1685
2002
1809
1807
1773
1559
1602
1134
1194
1166
931
1111
1515
1218
1247
1204
1045
932
821
821
684
516
575
447
