        GPH.dhat GPH.dhat.se  Sperio.dhat Sperio.dhat.se wfarima.dhat wfarima.dhat.se
1   0.3109809604   0.2733393  0.123777109      0.1224311   0.01447266      0.06771025
2   0.0906048924   0.2733393  0.177149524      0.1224311  -0.22587891      0.06771025
3   0.2117927480   0.2733393  0.198374225      0.1224311  -0.03707031      0.06771025
4   0.2692388628   0.2733572 -0.007721839      0.1221468  -0.48318359      0.06796432
5   0.2088143049   0.2733572  0.178989852      0.1221468  -0.15970703      0.06796432
6  -0.0764354978   0.2733572 -0.114082286      0.1221468  -0.69632812      0.06796433
7  -0.3265702746   0.2733572 -0.129773383      0.1221468  -0.64943359      0.06796433
8   0.1312020408   0.2733572  0.005430633      0.1221468  -0.90578125      0.06796432
9  -0.5829589116   0.2733572 -0.252790241      0.1221468  -1.05289062      0.06796433
10  0.1283584359   0.2733572 -0.056223813      0.1221468  -0.37736328      0.06796433
11 -0.1340617379   0.2733572  0.079038627      0.1221468  -0.93230469      0.06796432
12  0.2282241389   0.2733393  0.123209752      0.1224311  -0.24775391      0.06771025
13 -0.0049196465   0.2733572 -0.075684015      0.1221468  -0.61525391      0.06796433
14 -0.2336305675   0.2733572  0.116015516      0.1221468  -0.96347656      0.06796432
15 -0.0604077231   0.2733393  0.145563935      0.1224311   0.09226563      0.06771025
16  0.4377101146   0.2733572  0.229539298      0.1221468  -0.55386719      0.06796433
17 -0.0463262018   0.2733572  0.134092602      0.1221468  -0.70425781      0.06796433
18  0.2429010329   0.2733572  0.290791246      0.1221468  -0.67541016      0.06796433
19  0.0766381439   0.2733572 -0.169653478      0.1221468  -0.63712891      0.06796433
20  0.0487123794   0.2733572  0.244455949      0.1221468  -0.65558594      0.06796432
21  0.1606065280   0.2733572  0.134321869      0.1221468  -0.49179687      0.06796432
22 -0.0516595906   0.2733572 -0.056495120      0.1221468  -0.40757812      0.06796432
23 -0.2725817715   0.2733572 -0.177854399      0.1221468  -0.52953125      0.06796432
24 -0.1151630323   0.2733572 -0.024080769      0.1221468  -0.65900391      0.06796432
25  0.3873260223   0.2733393  0.402279852      0.1224311  -0.19949219      0.06771025
26  0.1972661117   0.2733393  0.181551208      0.1224311  -0.31857422      0.06771025
27  1.0543196253   0.2733393  0.610068035      0.1224311  -0.18308594      0.06771025
28 -0.3071553191   0.2733572  0.115535280      0.1221468  -1.04414062      0.06796433
29 -0.0757443967   0.2733572 -0.233442372      0.1221468  -0.79804687      0.06796432
30 -0.3420713878   0.2733572 -0.093768746      0.1221468  -0.92738281      0.06796433
31 -0.0254722079   0.2733572 -0.047303355      0.1221468  -0.42890625      0.06796433
32 -0.0001819687   0.2733572  0.129164065      0.1221468  -0.45871094      0.06796433
33 -0.0968359439   0.2733572 -0.249660453      0.1221468  -0.75115234      0.06796432
34 -0.0209233449   0.2733572  0.053860282      0.1221468  -0.54539062      0.06796432
35  0.0529853103   0.2733572  0.241587882      0.1221468  -0.82785156      0.06796432
36 -0.3309210728   0.2733572 -0.005516354      0.1221468  -0.65503906      0.06796433
37 -0.3938590436   0.2733572 -0.172994521      0.1221468  -0.80734375      0.06796432
38 -0.3555147670   0.2733572 -0.022710814      0.1221468  -0.74718750      0.06796432
39 -0.1085616313   0.2733572 -0.007441017      0.1221468  -0.74773437      0.06796433
40  0.0072736301   0.2733756 -0.038092517      0.1226168  -0.80761719      0.06822127
41  0.3238078242   0.2733393  0.305738830      0.1224311  -0.21261719      0.06771025
42 -0.3211208130   0.2733393 -0.294708298      0.1224311  -0.41755859      0.06771025
43 -0.4034491665   0.2733572 -0.067378235      0.1221468  -1.25878906      0.06796432
44 -0.2250340226   0.2733572 -0.333167139      0.1221468  -0.78970703      0.06796433
45 -0.0412791596   0.2733572 -0.110324829      0.1221468  -0.61443359      0.06796432
46 -0.3471385287   0.2733572  0.062682309      0.1221468  -0.66761719      0.06796433
47  0.2355889693   0.2733393  0.266956331      0.1224311  -0.35056641      0.06771025
48  0.6065222936   0.2733393  0.448994079      0.1224311   0.38757812      0.06771025
49 -0.6294446154   0.2733572 -0.356643811      0.1221468  -0.82156250      0.06796432
50  0.1978912196   0.2733393  0.127289587      0.1224311  -0.50369141      0.06771025
51 -0.4206000762   0.2733572 -0.199280906      0.1221468  -0.87625000      0.06796432
      GPH.dstar GPH.dstar.se Sperio.dstar Sperio.dstar.se wfarima.dstar wfarima.dstar.se
1   0.310806670    0.2769058  0.062510244       0.2068925   -0.01664402       0.07908396
2   0.074551092    0.2643782  0.108222725       0.1996096   -0.25474901       0.08287726
3   0.225373997    0.2643513  0.128223112       0.2008555   -0.07176121       0.07922904
4   0.281435647    0.2817752 -0.063523090       0.1986269   -0.50138438       0.08382191
5   0.196874663    0.2879605  0.113416619       0.2036427   -0.19278503       0.08165377
6  -0.075888730    0.2749271 -0.157007365       0.1913645    0.00000000       0.00000000
7  -0.316024867    0.2913674 -0.168498287       0.1957642    0.00000000       0.00000000
8   0.128833383    0.2723968 -0.047663744       0.2034416    0.00000000       0.00000000
9   0.000000000    0.0000000 -0.270168775       0.1855996    0.00000000       0.00000000
10  0.118954874    0.2626936 -0.103489268       0.1946313   -0.39959228       0.08241899
11 -0.132958269    0.2831161  0.013858548       0.2003462    0.00000000       0.00000000
12  0.243054903    0.2786590  0.053976126       0.2057533   -0.27861463       0.07711794
13 -0.002014132    0.2684814 -0.131605476       0.1998801    0.00000000       0.00000000
14 -0.220629767    0.2651586  0.045523147       0.2017168    0.00000000       0.00000000
15 -0.065321453    0.2796765  0.080017699       0.1962513    0.05744013       0.07772862
16  0.453078345    0.2765915  0.146559393       0.2003766    0.00000000       0.00000000
17 -0.045455997    0.2839011  0.074383071       0.2063542    0.00000000       0.00000000
18  0.253853370    0.2794996  0.239428961       0.2016995    0.00000000       0.00000000
19  0.077803108    0.2714679 -0.202698915       0.1900253    0.00000000       0.00000000
20  0.045793687    0.2826933  0.177043091       0.2121526    0.00000000       0.00000000
21  0.169095223    0.2834993  0.073197983       0.2023027   -0.50379847       0.08471468
22 -0.050175110    0.2726250 -0.106249328       0.1981797   -0.42929918       0.08485572
23 -0.255927346    0.2648319 -0.216374835       0.2000397    0.00000000       0.00000000
24 -0.116416840    0.2760204 -0.073476184       0.1912767    0.00000000       0.00000000
25  0.394966726    0.2734726  0.343241185       0.2054125   -0.22848378       0.07635778
26  0.190631972    0.2779691  0.086718143       0.2054194   -0.34381103       0.08111188
27  0.000000000    0.0000000  0.000000000       0.0000000   -0.21235438       0.07979094
28 -0.291102724    0.2774778  0.043649212       0.1941771    0.00000000       0.00000000
29 -0.072779266    0.2601435 -0.250978131       0.1936648    0.00000000       0.00000000
30 -0.328637416    0.2687549 -0.138450556       0.1923111    0.00000000       0.00000000
31 -0.031710147    0.2685714 -0.104761925       0.2026510   -0.44237419       0.08196135
32 -0.004129409    0.2799649  0.061254341       0.2020371   -0.47106040       0.08134280
33 -0.101273395    0.2717409 -0.275990581       0.1903866    0.00000000       0.00000000
34  0.001916244    0.2649845  0.003233422       0.1999747    0.00000000       0.00000000
35  0.051247756    0.2626062  0.166233489       0.2013611    0.00000000       0.00000000
36 -0.318001113    0.2743465 -0.049290041       0.1942003    0.00000000       0.00000000
37 -0.370561888    0.2765262 -0.199076928       0.1899077    0.00000000       0.00000000
38 -0.329209368    0.2819280 -0.081178215       0.2007197    0.00000000       0.00000000
39 -0.110984667    0.2646267 -0.056150073       0.1949798    0.00000000       0.00000000
40 -0.007681474    0.2726964 -0.088897766       0.1905664    0.00000000       0.00000000
41  0.321446977    0.2708863  0.226179719       0.2073062   -0.24142030       0.07851425
42 -0.308890803    0.2895113 -0.304251926       0.1933608   -0.43586004       0.08295905
43 -0.374851905    0.2784718 -0.129409034       0.1956906    0.00000000       0.00000000
44 -0.225357503    0.2817174 -0.336013888       0.1926201    0.00000000       0.00000000
45 -0.029473300    0.2734190 -0.146020163       0.1912984    0.00000000       0.00000000
46 -0.338960681    0.2733104  0.007561616       0.1964088    0.00000000       0.00000000
47  0.241816071    0.2779351  0.211643920       0.1988457   -0.36505461       0.07963231
48  0.000000000    0.0000000  0.369231615       0.2232663    0.36503430       0.08264137
49  0.000000000    0.0000000 -0.347101800       0.1868057    0.00000000       0.00000000
50  0.198465890    0.2764038  0.055123900       0.2042358    0.00000000       0.00000000
51 -0.382476002    0.2767190 -0.227693296       0.1886184    0.00000000       0.00000000
        GPH.Dhat GPH.Dhat.se   Sperio.Dhat Sperio.Dhat.se  wfarima.Dhat wfarima.Dhat.se
1  -2.782352e-02   0.2733393  0.0103275263      0.1224311 -0.0001562500      0.06771025
2  -7.886077e-03   0.2733393  0.0059581839      0.1224311 -0.0004980469      0.06771025
3  -1.225167e-02   0.2733393  0.0172152769      0.1224311  0.0006640625      0.06771025
4   7.926076e-02   0.2733572 -0.0044280103      0.1221468 -0.0573046875      0.06796432
5   6.391308e-02   0.2733572  0.0826009876      0.1221468 -0.0146484375      0.06796432
6  -3.435321e-02   0.2733572 -0.0349454734      0.1221468 -0.0095898437      0.06796432
7  -4.708759e-02   0.2733572 -0.0468921262      0.1221468 -0.0121875000      0.06796432
8   2.063313e-02   0.2733572  0.0013013890      0.1221468 -0.0067187500      0.06796432
9   8.903958e-02   0.2733572 -0.0201119300      0.1221468 -0.0257910156      0.06796432
10  1.034742e-02   0.2733572 -0.0005361283      0.1221468 -0.0094531250      0.06796432
11  8.449987e-02   0.2733572  0.0188613721      0.1221468  0.0470117187      0.06796433
12 -6.594827e-03   0.2733393  0.0090323198      0.1224311  0.0014160156      0.06771025
13 -2.204632e-04   0.2733572  0.0060901977      0.1221468  0.0114648438      0.06796433
14  6.332022e-02   0.2733572  0.0243587168      0.1221468  0.0211718750      0.06796433
15  5.049600e-02   0.2733393  0.0655341465      0.1224311 -0.0042578125      0.06771025
16  1.856728e-02   0.2733572  0.0114862291      0.1221468  0.0749023438      0.06796433
17  8.166997e-03   0.2733572  0.0161636819      0.1221468  0.0747656250      0.06796433
18 -1.233069e-01   0.2733572  0.0362481600      0.1221468  0.1004003906      0.06796433
19  4.877897e-02   0.2733572 -0.0442609276      0.1221468 -0.0160839844      0.06796432
20 -3.121720e-02   0.2733572  0.0115943894      0.1221468  0.0600000000      0.06796433
21  9.624281e-02   0.2733572  0.0606462490      0.1221468 -0.0507421875      0.06796432
22  3.185604e-03   0.2733572  0.0040776030      0.1221468  0.0214453125      0.06796433
23 -8.658362e-02   0.2733572 -0.0689913203      0.1221468 -0.0644140625      0.06796432
24 -9.088654e-03   0.2733572 -0.0107123046      0.1221468 -0.0682421875      0.06796432
25 -1.348679e-01   0.2733393  0.0946621412      0.1224311  0.0072265625      0.06771025
26 -1.691543e-02   0.2733393  0.0242155595      0.1224311 -0.0022070312      0.06771025
27 -1.795039e-01   0.2733393  0.1339141492      0.1224311  0.0006640625      0.06771025
28  1.967369e-01   0.2733572  0.0839194617      0.1221468 -0.0139648437      0.06796432
29  5.962468e-03   0.2733572  0.0092971894      0.1221468  0.0329296875      0.06796433
30  1.536585e-01   0.2733572 -0.0102871648      0.1221468  0.0546679688      0.06796433
31 -4.312889e-04   0.2733572  0.0014436901      0.1221468  0.0036718750      0.06796433
32  9.009993e-05   0.2733572  0.0177867895      0.1221468  0.0600000000      0.06796433
33 -3.463351e-02   0.2733572 -0.0545097786      0.1221468 -0.0130078125      0.06796432
34 -1.614118e-02   0.2733572  0.0331283746      0.1221468 -0.0933984375      0.06796432
35 -3.421411e-02   0.2733572  0.0346894454      0.1221468  0.0485156250      0.06796433
36 -3.824728e-01   0.2733572 -0.0023617681      0.1221468  0.0008007813      0.06796433
37  1.328063e-02   0.2733572 -0.0296091090      0.1221468  0.0206250000      0.06796433
38 -1.865254e-01   0.2733572 -0.0127198491      0.1221468 -0.0187500000      0.06796432
39 -7.794850e-02   0.2733572 -0.0038155882      0.1221468 -0.0463671875      0.06796432
40 -7.334366e-04   0.2733756  0.0024274602      0.1226168  0.0408593750      0.06822128
41 -5.874285e-03   0.2733393  0.0420071834      0.1224311  0.0013476562      0.06771025
42  1.063817e-02   0.2733393 -0.0357148884      0.1224311  0.0012109375      0.06771025
43  3.038529e-01   0.2733572 -0.0374723296      0.1221468  0.0535742188      0.06796433
44  1.102422e-03   0.2733572 -0.0015534742      0.1221468  0.0048339844      0.06796433
45 -2.102108e-02   0.2733572 -0.0717363874      0.1221468 -0.0374804687      0.06796432
46  1.065501e-01   0.2733572  0.0090053859      0.1221468  0.0888476562      0.06796433
47 -4.851926e-03   0.2733393  0.0249011637      0.1224311  0.0099609375      0.06771025
48 -7.284371e-02   0.2733393  0.1296214695      0.1224311 -0.0083593750      0.06771025
49  2.197038e-02   0.2733572 -0.2005024837      0.1221468 -0.0430859375      0.06796432
50 -2.927955e-02   0.2733393  0.0053848972      0.1224311  0.0225390625      0.06771025
51 -5.221839e-03   0.2733572 -0.0601987474      0.1221468  0.0150195313      0.06796433
       GPH.Dstar GPH.Dstar.se Sperio.Dstar Sperio.Dstar.se wfarima.Dstar wfarima.Dstar.se
1  -0.0318530806    0.3003269  0.070633997      0.19005311    0.03106058       0.07967761
2  -0.0006689924    0.2846809  0.076750432      0.19054944    0.02849325       0.08219487
3  -0.0274566958    0.2769942  0.084860279      0.18147589    0.03593267       0.08050146
4   0.0761467669    0.2016681  0.028239816      0.10753779   -0.03710116       0.08230817
5   0.0708945782    0.1936555  0.110942503      0.11351352    0.01709109       0.07632314
6   0.0195834903    0.1828579  0.003623966      0.13754478    0.00000000       0.00000000
7  -0.0201148311    0.2850041 -0.021320469      0.12633867    0.00000000       0.00000000
8   0.0201383110    0.2446571  0.043787651      0.16332109    0.00000000       0.00000000
9   0.0000000000    0.0000000 -0.006963492      0.16536845    0.00000000       0.00000000
10  0.0224733386    0.2499913  0.057106308      0.20108409    0.01422772       0.08243651
11  0.0573678533    0.3201153  0.076140329      0.15119460    0.00000000       0.00000000
12 -0.0305548608    0.2958308  0.077108280      0.19049008    0.03240113       0.07648013
13  0.0129256538    0.2550659  0.074742377      0.21865944    0.00000000       0.00000000
14  0.0305412958    0.2859038  0.083859822      0.15826549    0.00000000       0.00000000
15  0.0127531726    0.4324839  0.109850250      0.10733654    0.03194126       0.08103067
16  0.0891874507    0.1585125  0.098577828      0.18365492    0.00000000       0.00000000
17  0.0421760547    0.2674052  0.074771815      0.17892074    0.00000000       0.00000000
18  0.0754848829    0.2210194  0.098027687      0.15594840    0.00000000       0.00000000
19  0.1140826609    0.1375143  0.003978885      0.17038076    0.00000000       0.00000000
20  0.0676929951    0.3310868  0.079083429      0.19634880    0.00000000       0.00000000
21  0.0713535091    0.1747392  0.086436140      0.11489093   -0.03707337       0.08274539
22  0.0038994547    0.2844180  0.061187555      0.21412236    0.04438410       0.08803469
23 -0.0503232393    0.2469616 -0.011361863      0.16912029    0.00000000       0.00000000
24  0.0200454717    0.2843356  0.018590427      0.10861052    0.00000000       0.00000000
25 -0.0961857323    0.2996067  0.145065647      0.14381681    0.03625883       0.07673577
26 -0.0144099713    0.2903509  0.114108047      0.17397111    0.02319249       0.07961111
27  0.0000000000    0.0000000  0.000000000      0.00000000    0.02985804       0.07911680
28  0.1433257737    0.3392967  0.116091478      0.06026139    0.00000000       0.00000000
29  0.0050976408    0.2733307  0.027769520      0.20001094    0.00000000       0.00000000
30  0.1013189111    0.2846491  0.034502014      0.16912582    0.00000000       0.00000000
31  0.0143248683    0.2652205  0.069052324      0.21245782    0.01824514       0.08381884
32  0.0289721327    0.3386362  0.074781534      0.17240092    0.07209744       0.08362317
33  0.0019271805    0.2176465 -0.010505049      0.18230567    0.00000000       0.00000000
34 -0.0015298404    0.1227293  0.046670336      0.07643587    0.00000000       0.00000000
35  0.0415537359    0.2624118  0.102974136      0.16796303    0.00000000       0.00000000
36 -0.2542573520    0.2521876  0.032766625      0.11132633    0.00000000       0.00000000
37 -0.0148999681    0.2747181 -0.004122977      0.15959625    0.00000000       0.00000000
38 -0.1371208148    0.2542488  0.016747395      0.09491692    0.00000000       0.00000000
39 -0.0354366579    0.1616285  0.027509820      0.10865930    0.00000000       0.00000000
40  0.0260915870    0.2763995  0.058794115      0.20198578    0.00000000       0.00000000
41 -0.0027525454    0.2689843  0.117789468      0.16980543    0.03023979       0.07813982
42 -0.0060890916    0.2938135 -0.025527702      0.17219979    0.01960666       0.08124013
43  0.1922394717    0.3599510  0.001587326      0.09436738    0.00000000       0.00000000
44  0.0059760465    0.2803865  0.005856252      0.20050714    0.00000000       0.00000000
45  0.0181537425    0.1794714 -0.029274224      0.10858338    0.00000000       0.00000000
46  0.0618949744    0.2883431  0.054989416      0.16730568    0.00000000       0.00000000
47 -0.0111081935    0.2809200  0.080084752      0.17482592    0.02463616       0.07961901
48  0.0000000000    0.0000000  0.191894368      0.14496396    0.01457279       0.08457686
49  0.0000000000    0.0000000 -0.186204137      0.12330524    0.00000000       0.00000000
50 -0.0395219226    0.3158325  0.079638972      0.19074420    0.00000000       0.00000000
51 -0.0415669307    0.2779072 -0.034466422      0.13826204    0.00000000       0.00000000
