FL     1975 1     67.04
FL     1975 2     84.20
FL     1975 3     68.03
FL     1975 4     68.67
FL     1976 1     69.04
FL     1976 2     76.69
FL     1976 3     70.43
FL     1976 4     71.06
FL     1977 1     71.67
FL     1977 2     79.67
FL     1977 3     73.67
FL     1977 4     75.50
FL     1978 1     78.99
FL     1978 2     84.48
FL     1978 3     83.87
FL     1978 4     85.27
FL     1979 1     90.27
FL     1979 2     92.84
FL     1979 3     94.12
FL     1979 4     98.16
FL     1980 1    100.00
FL     1980 2     99.30
FL     1980 3    106.13
FL     1980 4    108.66
FL     1981 1    110.50
FL     1981 2    112.17
FL     1981 3    109.02
FL     1981 4    114.44
FL     1982 1    118.19
FL     1982 2    118.92
FL     1982 3    121.37
FL     1982 4    122.01
FL     1983 1    122.92
FL     1983 2    124.98
FL     1983 3    124.89
FL     1983 4    125.11
FL     1984 1    126.70
FL     1984 2    127.59
FL     1984 3    128.61
FL     1984 4    127.30
FL     1985 1    128.85
FL     1985 2    129.42
FL     1985 3    129.58
FL     1985 4    131.32
FL     1986 1    132.43
FL     1986 2    135.90
FL     1986 3    136.69
FL     1986 4    136.71
FL     1987 1    137.69
FL     1987 2    139.42
FL     1987 3    139.69
FL     1987 4    140.58
FL     1988 1    142.14
FL     1988 2    145.03
FL     1988 3    146.07
FL     1988 4    147.35
FL     1989 1    148.38
FL     1989 2    149.51
FL     1989 3    151.89
FL     1989 4    152.99
FL     1990 1    153.76
FL     1990 2    153.25
FL     1990 3    153.97
FL     1990 4    153.49
FL     1991 1    155.30
FL     1991 2    155.86
FL     1991 3    155.59
FL     1991 4    158.15
FL     1992 1    160.15
FL     1992 2    158.71
FL     1992 3    161.41
FL     1992 4    161.57
FL     1993 1    161.77
FL     1993 2    163.56
FL     1993 3    164.76
FL     1993 4    166.45
FL     1994 1    166.16
FL     1994 2    164.96
FL     1994 3    165.24
FL     1994 4    165.01
FL     1995 1    165.36
FL     1995 2    167.60
FL     1995 3    170.87
FL     1995 4    172.26
FL     1996 1    174.20
FL     1996 2    173.23
FL     1996 3    173.50
FL     1996 4    174.29
FL     1997 1    176.63
FL     1997 2    176.30
FL     1997 3    178.83
FL     1997 4    182.04
FL     1998 1    185.82
FL     1998 2    185.52
FL     1998 3    187.88
FL     1998 4    190.80
FL     1999 1    192.02
FL     1999 2    193.54
FL     1999 3    195.67
FL     1999 4    197.98
FL     2000 1    201.91
FL     2000 2    205.40
FL     2000 3    209.70
FL     2000 4    214.18
FL     2001 1    220.53
FL     2001 2    225.98
FL     2001 3    231.04
FL     2001 4    236.60
FL     2002 1    241.22
FL     2002 2    248.26
FL     2002 3    255.25
FL     2002 4    261.27
FL     2003 1    266.69
FL     2003 2    272.95
FL     2003 3    279.14
FL     2003 4    291.70
FL     2004 1    300.58
FL     2004 2    314.73
FL     2004 3    334.11
FL     2004 4    349.40
FL     2005 1    368.11
FL     2005 2    394.74
FL     2005 3    422.10
FL     2005 4    445.48
FL     2006 1    464.54
FL     2006 2    475.23
FL     2006 3    480.99
FL     2006 4    485.01
FL     2007 1    484.16
FL     2007 2    479.25
FL     2007 3    466.78
FL     2007 4    458.45
FL     2008 1    442.98
FL     2008 2    417.54
FL     2008 3    391.91