KY     1975 1     69.44
KY     1975 2     66.99
KY     1975 3     66.39
KY     1975 4     67.61
KY     1976 1     66.80
KY     1976 2     68.68
KY     1976 3     68.39
KY     1976 4     69.79
KY     1977 1     70.88
KY     1977 2     73.88
KY     1977 3     76.22
KY     1977 4     76.72
KY     1978 1     80.64
KY     1978 2     82.17
KY     1978 3     86.93
KY     1978 4     90.44
KY     1979 1     92.80
KY     1979 2     95.19
KY     1979 3     95.01
KY     1979 4     95.96
KY     1980 1    100.00
KY     1980 2     98.35
KY     1980 3     98.79
KY     1980 4    104.86
KY     1981 1    107.27
KY     1981 2    103.98
KY     1981 3    101.98
KY     1981 4    102.76
KY     1982 1    103.98
KY     1982 2    103.86
KY     1982 3    104.32
KY     1982 4    105.03
KY     1983 1    106.79
KY     1983 2    108.20
KY     1983 3    108.37
KY     1983 4    109.40
KY     1984 1    109.77
KY     1984 2    109.14
KY     1984 3    110.46
KY     1984 4    110.83
KY     1985 1    112.89
KY     1985 2    113.53
KY     1985 3    112.92
KY     1985 4    115.41
KY     1986 1    116.39
KY     1986 2    118.58
KY     1986 3    118.84
KY     1986 4    121.62
KY     1987 1    122.95
KY     1987 2    124.40
KY     1987 3    127.24
KY     1987 4    127.25
KY     1988 1    129.64
KY     1988 2    130.63
KY     1988 3    132.51
KY     1988 4    134.06
KY     1989 1    135.70
KY     1989 2    136.74
KY     1989 3    139.12
KY     1989 4    140.08
KY     1990 1    140.44
KY     1990 2    141.71
KY     1990 3    142.95
KY     1990 4    142.42
KY     1991 1    144.83
KY     1991 2    146.05
KY     1991 3    146.79
KY     1991 4    148.71
KY     1992 1    149.61
KY     1992 2    150.91
KY     1992 3    152.82
KY     1992 4    154.16
KY     1993 1    154.92
KY     1993 2    156.81
KY     1993 3    158.04
KY     1993 4    159.87
KY     1994 1    162.58
KY     1994 2    166.66
KY     1994 3    168.09
KY     1994 4    169.92
KY     1995 1    171.68
KY     1995 2    174.72
KY     1995 3    177.06
KY     1995 4    178.70
KY     1996 1    181.16
KY     1996 2    182.37
KY     1996 3    184.22
KY     1996 4    186.12
KY     1997 1    188.96
KY     1997 2    189.86
KY     1997 3    192.49
KY     1997 4    194.83
KY     1998 1    196.54
KY     1998 2    198.89
KY     1998 3    201.23
KY     1998 4    203.94
KY     1999 1    205.66
KY     1999 2    207.72
KY     1999 3    209.26
KY     1999 4    211.19
KY     2000 1    214.45
KY     2000 2    216.10
KY     2000 3    217.87
KY     2000 4    220.86
KY     2001 1    225.38
KY     2001 2    227.42
KY     2001 3    229.27
KY     2001 4    231.26
KY     2002 1    232.99
KY     2002 2    234.48
KY     2002 3    237.20
KY     2002 4    239.39
KY     2003 1    241.41
KY     2003 2    243.37
KY     2003 3    245.26
KY     2003 4    248.97
KY     2004 1    251.78
KY     2004 2    254.17
KY     2004 3    257.26
KY     2004 4    262.59
KY     2005 1    264.44
KY     2005 2    268.39
KY     2005 3    272.75
KY     2005 4    274.06
KY     2006 1    277.49
KY     2006 2    278.58
KY     2006 3    280.83
KY     2006 4    284.08
KY     2007 1    287.41
KY     2007 2    288.54
KY     2007 3    289.86
KY     2007 4    293.75
KY     2008 1    295.58
KY     2008 2    297.50
KY     2008 3    294.11