MA     1975 1     69.04
MA     1975 2     66.11
MA     1975 3     66.01
MA     1975 4     69.93
MA     1976 1     66.77
MA     1976 2     69.15
MA     1976 3     68.90
MA     1976 4     70.23
MA     1977 1     73.00
MA     1977 2     68.57
MA     1977 3     74.38
MA     1977 4     73.84
MA     1978 1     77.12
MA     1978 2     78.87
MA     1978 3     84.76
MA     1978 4     86.81
MA     1979 1     91.34
MA     1979 2     94.00
MA     1979 3     96.83
MA     1979 4     99.09
MA     1980 1    100.00
MA     1980 2    103.67
MA     1980 3    108.21
MA     1980 4    109.61
MA     1981 1    113.12
MA     1981 2    118.67
MA     1981 3    121.67
MA     1981 4    121.57
MA     1982 1    123.34
MA     1982 2    124.57
MA     1982 3    127.17
MA     1982 4    127.89
MA     1983 1    130.33
MA     1983 2    136.41
MA     1983 3    143.23
MA     1983 4    148.79
MA     1984 1    156.75
MA     1984 2    164.96
MA     1984 3    174.82
MA     1984 4    180.94
MA     1985 1    190.42
MA     1985 2    205.18
MA     1985 3    218.11
MA     1985 4    232.54
MA     1986 1    241.76
MA     1986 2    253.79
MA     1986 3    266.26
MA     1986 4    279.03
MA     1987 1    288.35
MA     1987 2    295.26
MA     1987 3    304.29
MA     1987 4    306.38
MA     1988 1    310.10
MA     1988 2    315.28
MA     1988 3    314.12
MA     1988 4    316.27
MA     1989 1    313.79
MA     1989 2    311.71
MA     1989 3    316.49
MA     1989 4    317.22
MA     1990 1    312.99
MA     1990 2    304.29
MA     1990 3    298.88
MA     1990 4    291.89
MA     1991 1    289.04
MA     1991 2    285.86
MA     1991 3    282.64
MA     1991 4    285.21
MA     1992 1    284.38
MA     1992 2    280.92
MA     1992 3    282.45
MA     1992 4    283.19
MA     1993 1    281.24
MA     1993 2    282.92
MA     1993 3    283.95
MA     1993 4    285.65
MA     1994 1    285.84
MA     1994 2    283.07
MA     1994 3    282.72
MA     1994 4    280.67
MA     1995 1    281.77
MA     1995 2    287.28
MA     1995 3    291.86
MA     1995 4    293.70
MA     1996 1    297.41
MA     1996 2    297.68
MA     1996 3    298.43
MA     1996 4    302.56
MA     1997 1    305.43
MA     1997 2    309.70
MA     1997 3    314.34
MA     1997 4    319.40
MA     1998 1    323.93
MA     1998 2    330.59
MA     1998 3    338.79
MA     1998 4    343.93
MA     1999 1    350.92
MA     1999 2    362.09
MA     1999 3    376.77
MA     1999 4    385.86
MA     2000 1    402.05
MA     2000 2    414.67
MA     2000 3    429.90
MA     2000 4    440.73
MA     2001 1    453.19
MA     2001 2    466.80
MA     2001 3    482.30
MA     2001 4    492.33
MA     2002 1    506.66
MA     2002 2    525.04
MA     2002 3    540.54
MA     2002 4    552.91
MA     2003 1    563.65
MA     2003 2    572.61
MA     2003 3    583.25
MA     2003 4    607.94
MA     2004 1    618.43
MA     2004 2    632.86
MA     2004 3    662.77
MA     2004 4    674.25
MA     2005 1    689.45
MA     2005 2    705.29
MA     2005 3    717.24
MA     2005 4    724.15
MA     2006 1    725.68
MA     2006 2    717.75
MA     2006 3    713.79
MA     2006 4    718.56
MA     2007 1    715.07
MA     2007 2    705.93
MA     2007 3    695.11
MA     2007 4    699.98
MA     2008 1    700.70
MA     2008 2    684.28
MA     2008 3    661.62