MI     1975 1     59.58
MI     1975 2     62.61
MI     1975 3     62.93
MI     1975 4     61.72
MI     1976 1     62.64
MI     1976 2     63.85
MI     1976 3     64.31
MI     1976 4     65.05
MI     1977 1     66.81
MI     1977 2     67.87
MI     1977 3     70.85
MI     1977 4     72.74
MI     1978 1     75.28
MI     1978 2     79.17
MI     1978 3     82.84
MI     1978 4     86.15
MI     1979 1     91.09
MI     1979 2     95.57
MI     1979 3     98.63
MI     1979 4     99.13
MI     1980 1    100.00
MI     1980 2    101.60
MI     1980 3    102.51
MI     1980 4    101.76
MI     1981 1    102.14
MI     1981 2    103.22
MI     1981 3    105.73
MI     1981 4    105.31
MI     1982 1    104.73
MI     1982 2     99.55
MI     1982 3     98.09
MI     1982 4     88.03
MI     1983 1     96.90
MI     1983 2     96.93
MI     1983 3     96.83
MI     1983 4     94.59
MI     1984 1     97.14
MI     1984 2     96.95
MI     1984 3     97.10
MI     1984 4     97.23
MI     1985 1     99.55
MI     1985 2    100.58
MI     1985 3    102.48
MI     1985 4    103.61
MI     1986 1    105.18
MI     1986 2    108.51
MI     1986 3    111.75
MI     1986 4    114.20
MI     1987 1    117.08
MI     1987 2    121.02
MI     1987 3    123.60
MI     1987 4    125.68
MI     1988 1    127.56
MI     1988 2    130.75
MI     1988 3    132.84
MI     1988 4    134.01
MI     1989 1    136.21
MI     1989 2    138.95
MI     1989 3    142.22
MI     1989 4    142.91
MI     1990 1    144.92
MI     1990 2    147.29
MI     1990 3    148.13
MI     1990 4    148.58
MI     1991 1    150.32
MI     1991 2    152.38
MI     1991 3    153.63
MI     1991 4    155.48
MI     1992 1    156.75
MI     1992 2    157.77
MI     1992 3    158.96
MI     1992 4    160.22
MI     1993 1    160.82
MI     1993 2    162.01
MI     1993 3    163.49
MI     1993 4    164.83
MI     1994 1    166.72
MI     1994 2    169.55
MI     1994 3    172.79
MI     1994 4    175.03
MI     1995 1    177.78
MI     1995 2    181.32
MI     1995 3    184.75
MI     1995 4    187.81
MI     1996 1    190.67
MI     1996 2    195.78
MI     1996 3    200.19
MI     1996 4    202.99
MI     1997 1    206.52
MI     1997 2    210.83
MI     1997 3    214.63
MI     1997 4    217.76
MI     1998 1    220.45
MI     1998 2    224.48
MI     1998 3    228.18
MI     1998 4    230.41
MI     1999 1    234.15
MI     1999 2    239.03
MI     1999 3    243.69
MI     1999 4    246.78
MI     2000 1    252.49
MI     2000 2    255.83
MI     2000 3    260.47
MI     2000 4    264.33
MI     2001 1    268.75
MI     2001 2    272.19
MI     2001 3    275.75
MI     2001 4    278.15
MI     2002 1    281.58
MI     2002 2    284.56
MI     2002 3    287.36
MI     2002 4    289.29
MI     2003 1    291.43
MI     2003 2    293.61
MI     2003 3    296.19
MI     2003 4    300.58
MI     2004 1    302.61
MI     2004 2    304.85
MI     2004 3    309.60
MI     2004 4    313.07
MI     2005 1    315.89
MI     2005 2    318.05
MI     2005 3    321.17
MI     2005 4    320.95
MI     2006 1    320.39
MI     2006 2    316.03
MI     2006 3    314.37
MI     2006 4    316.76
MI     2007 1    315.04
MI     2007 2    310.30
MI     2007 3    302.51
MI     2007 4    303.02
MI     2008 1    304.38
MI     2008 2    295.02
MI     2008 3    280.57