MN     1975 1     53.65
MN     1975 2     54.45
MN     1975 3     58.05
MN     1975 4     58.56
MN     1976 1     62.21
MN     1976 2     61.74
MN     1976 3     62.21
MN     1976 4     63.02
MN     1977 1     65.41
MN     1977 2     67.25
MN     1977 3     71.86
MN     1977 4     73.91
MN     1978 1     75.93
MN     1978 2     80.54
MN     1978 3     84.88
MN     1978 4     86.99
MN     1979 1     90.56
MN     1979 2     92.83
MN     1979 3     95.88
MN     1979 4     97.00
MN     1980 1    100.00
MN     1980 2    100.35
MN     1980 3    104.61
MN     1980 4    103.85
MN     1981 1    100.04
MN     1981 2    100.18
MN     1981 3    102.93
MN     1981 4    104.61
MN     1982 1    106.75
MN     1982 2    106.16
MN     1982 3    105.83
MN     1982 4    108.05
MN     1983 1    111.30
MN     1983 2    112.04
MN     1983 3    110.96
MN     1983 4    109.25
MN     1984 1    112.73
MN     1984 2    112.17
MN     1984 3    113.83
MN     1984 4    114.31
MN     1985 1    115.09
MN     1985 2    116.81
MN     1985 3    114.77
MN     1985 4    118.33
MN     1986 1    119.57
MN     1986 2    119.18
MN     1986 3    122.35
MN     1986 4    122.38
MN     1987 1    124.93
MN     1987 2    127.07
MN     1987 3    128.09
MN     1987 4    127.17
MN     1988 1    129.60
MN     1988 2    131.23
MN     1988 3    131.36
MN     1988 4    132.12
MN     1989 1    132.35
MN     1989 2    134.36
MN     1989 3    136.29
MN     1989 4    136.99
MN     1990 1    137.22
MN     1990 2    137.16
MN     1990 3    137.89
MN     1990 4    137.82
MN     1991 1    139.84
MN     1991 2    140.81
MN     1991 3    141.22
MN     1991 4    143.74
MN     1992 1    144.38
MN     1992 2    145.17
MN     1992 3    146.92
MN     1992 4    147.84
MN     1993 1    149.15
MN     1993 2    150.61
MN     1993 3    152.52
MN     1993 4    154.12
MN     1994 1    155.00
MN     1994 2    157.82
MN     1994 3    158.92
MN     1994 4    159.52
MN     1995 1    160.65
MN     1995 2    163.88
MN     1995 3    166.83
MN     1995 4    169.12
MN     1996 1    171.50
MN     1996 2    172.43
MN     1996 3    174.03
MN     1996 4    176.11
MN     1997 1    178.17
MN     1997 2    180.10
MN     1997 3    183.52
MN     1997 4    186.07
MN     1998 1    189.39
MN     1998 2    190.74
MN     1998 3    194.52
MN     1998 4    196.93
MN     1999 1    200.15
MN     1999 2    206.13
MN     1999 3    212.34
MN     1999 4    215.14
MN     2000 1    221.17
MN     2000 2    227.68
MN     2000 3    233.32
MN     2000 4    238.03
MN     2001 1    244.58
MN     2001 2    251.05
MN     2001 3    258.64
MN     2001 4    262.21
MN     2002 1    267.63
MN     2002 2    274.63
MN     2002 3    280.68
MN     2002 4    285.12
MN     2003 1    289.03
MN     2003 2    292.26
MN     2003 3    298.94
MN     2003 4    309.82
MN     2004 1    313.53
MN     2004 2    319.80
MN     2004 3    330.55
MN     2004 4    335.84
MN     2005 1    341.74
MN     2005 2    349.03
MN     2005 3    355.55
MN     2005 4    360.88
MN     2006 1    363.11
MN     2006 2    362.89
MN     2006 3    363.95
MN     2006 4    368.45
MN     2007 1    370.74
MN     2007 2    368.35
MN     2007 3    363.42
MN     2007 4    364.80
MN     2008 1    367.02
MN     2008 2    358.88
MN     2008 3    347.68