MT     1975 1     57.84
MT     1975 2     55.12
MT     1975 3     58.53
MT     1975 4     59.61
MT     1976 1     61.79
MT     1976 2     66.96
MT     1976 3     68.70
MT     1976 4     62.69
MT     1977 1     66.66
MT     1977 2     70.86
MT     1977 3     75.34
MT     1977 4     77.95
MT     1978 1     87.19
MT     1978 2     91.45
MT     1978 3     90.92
MT     1978 4     90.70
MT     1979 1     91.85
MT     1979 2    102.85
MT     1979 3     96.80
MT     1979 4    101.84
MT     1980 1    100.00
MT     1980 2     91.95
MT     1980 3    106.50
MT     1980 4    101.35
MT     1981 1     97.25
MT     1981 2    101.42
MT     1981 3    114.05
MT     1981 4     93.54
MT     1982 1    105.64
MT     1982 2    108.15
MT     1982 3     98.54
MT     1982 4    113.07
MT     1983 1    103.53
MT     1983 2    105.51
MT     1983 3    111.78
MT     1983 4    115.53
MT     1984 1    121.69
MT     1984 2    120.34
MT     1984 3    114.51
MT     1984 4    113.91
MT     1985 1    116.20
MT     1985 2    111.19
MT     1985 3    116.26
MT     1985 4    118.17
MT     1986 1    117.52
MT     1986 2    114.78
MT     1986 3    116.15
MT     1986 4    115.79
MT     1987 1    113.10
MT     1987 2    113.59
MT     1987 3    112.14
MT     1987 4    105.78
MT     1988 1    109.97
MT     1988 2    110.20
MT     1988 3    115.49
MT     1988 4    114.09
MT     1989 1    111.90
MT     1989 2    112.91
MT     1989 3    115.94
MT     1989 4    116.86
MT     1990 1    114.60
MT     1990 2    117.32
MT     1990 3    123.04
MT     1990 4    122.72
MT     1991 1    120.52
MT     1991 2    124.95
MT     1991 3    126.99
MT     1991 4    131.44
MT     1992 1    133.52
MT     1992 2    135.24
MT     1992 3    139.56
MT     1992 4    143.82
MT     1993 1    146.30
MT     1993 2    150.41
MT     1993 3    153.04
MT     1993 4    157.98
MT     1994 1    160.90
MT     1994 2    168.13
MT     1994 3    171.38
MT     1994 4    172.25
MT     1995 1    173.92
MT     1995 2    178.26
MT     1995 3    181.79
MT     1995 4    183.14
MT     1996 1    186.24
MT     1996 2    187.03
MT     1996 3    189.31
MT     1996 4    190.97
MT     1997 1    191.15
MT     1997 2    192.24
MT     1997 3    194.62
MT     1997 4    198.31
MT     1998 1    199.70
MT     1998 2    199.67
MT     1998 3    201.05
MT     1998 4    203.04
MT     1999 1    203.43
MT     1999 2    205.13
MT     1999 3    207.46
MT     1999 4    207.07
MT     2000 1    210.03
MT     2000 2    212.07
MT     2000 3    214.90
MT     2000 4    217.78
MT     2001 1    222.48
MT     2001 2    225.26
MT     2001 3    227.19
MT     2001 4    228.91
MT     2002 1    234.01
MT     2002 2    236.51
MT     2002 3    240.90
MT     2002 4    242.96
MT     2003 1    245.65
MT     2003 2    250.84
MT     2003 3    256.17
MT     2003 4    263.43
MT     2004 1    268.43
MT     2004 2    274.77
MT     2004 3    284.28
MT     2004 4    291.95
MT     2005 1    298.67
MT     2005 2    310.96
MT     2005 3    320.08
MT     2005 4    331.96
MT     2006 1    338.00
MT     2006 2    349.99
MT     2006 3    359.71
MT     2006 4    367.98
MT     2007 1    373.36
MT     2007 2    382.04
MT     2007 3    386.76
MT     2007 4    392.09
MT     2008 1    394.53
MT     2008 2    395.52
MT     2008 3    390.64