NC     1975 1     67.38
NC     1975 2     67.30
NC     1975 3     69.15
NC     1975 4     71.83
NC     1976 1     71.85
NC     1976 2     70.80
NC     1976 3     73.34
NC     1976 4     74.06
NC     1977 1     75.58
NC     1977 2     74.84
NC     1977 3     78.75
NC     1977 4     81.09
NC     1978 1     82.20
NC     1978 2     85.23
NC     1978 3     87.06
NC     1978 4     88.77
NC     1979 1     89.73
NC     1979 2     91.78
NC     1979 3     94.93
NC     1979 4     96.52
NC     1980 1    100.00
NC     1980 2     98.01
NC     1980 3    101.27
NC     1980 4    101.52
NC     1981 1    106.38
NC     1981 2    105.69
NC     1981 3    106.84
NC     1981 4    103.87
NC     1982 1    107.85
NC     1982 2    108.24
NC     1982 3    110.08
NC     1982 4    111.38
NC     1983 1    112.39
NC     1983 2    111.39
NC     1983 3    114.94
NC     1983 4    117.84
NC     1984 1    117.70
NC     1984 2    122.96
NC     1984 3    122.35
NC     1984 4    125.17
NC     1985 1    127.83
NC     1985 2    130.12
NC     1985 3    132.99
NC     1985 4    135.09
NC     1986 1    136.23
NC     1986 2    138.57
NC     1986 3    141.30
NC     1986 4    142.99
NC     1987 1    145.56
NC     1987 2    147.40
NC     1987 3    149.40
NC     1987 4    150.53
NC     1988 1    151.39
NC     1988 2    153.72
NC     1988 3    155.50
NC     1988 4    155.97
NC     1989 1    157.00
NC     1989 2    157.45
NC     1989 3    160.33
NC     1989 4    160.61
NC     1990 1    161.13
NC     1990 2    161.74
NC     1990 3    163.40
NC     1990 4    162.99
NC     1991 1    164.10
NC     1991 2    165.05
NC     1991 3    165.53
NC     1991 4    167.76
NC     1992 1    169.10
NC     1992 2    169.38
NC     1992 3    171.36
NC     1992 4    172.23
NC     1993 1    172.56
NC     1993 2    174.06
NC     1993 3    175.90
NC     1993 4    177.29
NC     1994 1    178.95
NC     1994 2    181.55
NC     1994 3    184.18
NC     1994 4    186.05
NC     1995 1    187.13
NC     1995 2    189.75
NC     1995 3    193.17
NC     1995 4    195.15
NC     1996 1    197.59
NC     1996 2    199.03
NC     1996 3    201.37
NC     1996 4    203.29
NC     1997 1    205.71
NC     1997 2    208.08
NC     1997 3    211.15
NC     1997 4    214.58
NC     1998 1    217.32
NC     1998 2    218.75
NC     1998 3    221.97
NC     1998 4    224.15
NC     1999 1    226.22
NC     1999 2    228.27
NC     1999 3    229.65
NC     1999 4    230.61
NC     2000 1    232.67
NC     2000 2    235.60
NC     2000 3    238.54
NC     2000 4    241.22
NC     2001 1    246.63
NC     2001 2    248.91
NC     2001 3    250.73
NC     2001 4    253.23
NC     2002 1    254.68
NC     2002 2    255.67
NC     2002 3    259.27
NC     2002 4    261.20
NC     2003 1    263.25
NC     2003 2    265.15
NC     2003 3    266.31
NC     2003 4    268.75
NC     2004 1    271.66
NC     2004 2    274.09
NC     2004 3    276.83
NC     2004 4    281.89
NC     2005 1    286.49
NC     2005 2    290.09
NC     2005 3    296.74
NC     2005 4    303.41
NC     2006 1    309.09
NC     2006 2    313.97
NC     2006 3    319.18
NC     2006 4    326.16
NC     2007 1    332.37
NC     2007 2    336.13
NC     2007 3    339.08
NC     2007 4    342.85
NC     2008 1    346.01
NC     2008 2    348.03
NC     2008 3    345.83