NJ     1975 1     64.43
NJ     1975 2     60.87
NJ     1975 3     60.87
NJ     1975 4     61.80
NJ     1976 1     63.35
NJ     1976 2     63.49
NJ     1976 3     65.67
NJ     1976 4     62.45
NJ     1977 1     64.58
NJ     1977 2     65.09
NJ     1977 3     66.78
NJ     1977 4     68.45
NJ     1978 1     70.98
NJ     1978 2     72.79
NJ     1978 3     75.78
NJ     1978 4     79.66
NJ     1979 1     84.75
NJ     1979 2     87.13
NJ     1979 3     90.68
NJ     1979 4     94.48
NJ     1980 1    100.00
NJ     1980 2    100.74
NJ     1980 3     99.95
NJ     1980 4    103.60
NJ     1981 1    103.42
NJ     1981 2    105.31
NJ     1981 3    107.11
NJ     1981 4    107.27
NJ     1982 1    109.85
NJ     1982 2    110.34
NJ     1982 3    109.83
NJ     1982 4    108.73
NJ     1983 1    109.57
NJ     1983 2    113.41
NJ     1983 3    117.02
NJ     1983 4    120.22
NJ     1984 1    123.04
NJ     1984 2    129.31
NJ     1984 3    134.33
NJ     1984 4    137.44
NJ     1985 1    141.33
NJ     1985 2    147.57
NJ     1985 3    154.07
NJ     1985 4    160.80
NJ     1986 1    166.86
NJ     1986 2    176.68
NJ     1986 3    187.83
NJ     1986 4    197.78
NJ     1987 1    208.50
NJ     1987 2    219.43
NJ     1987 3    228.24
NJ     1987 4    233.15
NJ     1988 1    238.29
NJ     1988 2    244.55
NJ     1988 3    245.01
NJ     1988 4    244.30
NJ     1989 1    243.74
NJ     1989 2    243.07
NJ     1989 3    244.60
NJ     1989 4    245.27
NJ     1990 1    242.23
NJ     1990 2    237.11
NJ     1990 3    234.05
NJ     1990 4    230.14
NJ     1991 1    229.03
NJ     1991 2    227.31
NJ     1991 3    226.08
NJ     1991 4    228.78
NJ     1992 1    230.35
NJ     1992 2    228.59
NJ     1992 3    230.41
NJ     1992 4    231.70
NJ     1993 1    231.56
NJ     1993 2    233.28
NJ     1993 3    233.78
NJ     1993 4    235.22
NJ     1994 1    235.73
NJ     1994 2    233.61
NJ     1994 3    231.35
NJ     1994 4    228.57
NJ     1995 1    227.74
NJ     1995 2    230.54
NJ     1995 3    234.70
NJ     1995 4    235.18
NJ     1996 1    238.56
NJ     1996 2    236.26
NJ     1996 3    235.57
NJ     1996 4    235.50
NJ     1997 1    237.44
NJ     1997 2    238.32
NJ     1997 3    241.11
NJ     1997 4    243.64
NJ     1998 1    248.29
NJ     1998 2    248.87
NJ     1998 3    251.27
NJ     1998 4    253.47
NJ     1999 1    256.49
NJ     1999 2    259.74
NJ     1999 3    265.90
NJ     1999 4    268.79
NJ     2000 1    275.43
NJ     2000 2    282.08
NJ     2000 3    290.07
NJ     2000 4    294.88
NJ     2001 1    301.95
NJ     2001 2    310.53
NJ     2001 3    319.31
NJ     2001 4    325.91
NJ     2002 1    335.34
NJ     2002 2    347.40
NJ     2002 3    359.03
NJ     2002 4    367.48
NJ     2003 1    374.34
NJ     2003 2    380.56
NJ     2003 3    391.98
NJ     2003 4    412.01
NJ     2004 1    420.18
NJ     2004 2    433.59
NJ     2004 3    461.81
NJ     2004 4    474.16
NJ     2005 1    488.58
NJ     2005 2    509.14
NJ     2005 3    528.81
NJ     2005 4    546.39
NJ     2006 1    558.35
NJ     2006 2    566.17
NJ     2006 3    570.70
NJ     2006 4    575.26
NJ     2007 1    578.05
NJ     2007 2    575.91
NJ     2007 3    572.19
NJ     2007 4    573.28
NJ     2008 1    569.94
NJ     2008 2    557.94
NJ     2008 3    544.33