NM     1975 1     56.37
NM     1975 2     59.15
NM     1975 3     59.71
NM     1975 4     55.57
NM     1976 1     59.97
NM     1976 2     62.48
NM     1976 3     63.32
NM     1976 4     65.21
NM     1977 1     69.13
NM     1977 2     70.75
NM     1977 3     73.61
NM     1977 4     75.90
NM     1978 1     76.96
NM     1978 2     78.17
NM     1978 3     81.18
NM     1978 4     84.13
NM     1979 1     89.43
NM     1979 2     92.31
NM     1979 3     94.97
NM     1979 4     95.41
NM     1980 1    100.00
NM     1980 2     96.52
NM     1980 3    100.25
NM     1980 4    104.62
NM     1981 1    103.53
NM     1981 2    114.03
NM     1981 3    116.01
NM     1981 4    117.83
NM     1982 1    122.66
NM     1982 2    125.00
NM     1982 3    131.66
NM     1982 4    124.37
NM     1983 1    131.80
NM     1983 2    123.58
NM     1983 3    124.01
NM     1983 4    125.39
NM     1984 1    125.99
NM     1984 2    121.87
NM     1984 3    127.07
NM     1984 4    127.84
NM     1985 1    125.95
NM     1985 2    127.43
NM     1985 3    128.57
NM     1985 4    128.79
NM     1986 1    130.86
NM     1986 2    133.43
NM     1986 3    132.70
NM     1986 4    133.76
NM     1987 1    135.36
NM     1987 2    134.43
NM     1987 3    132.68
NM     1987 4    131.43
NM     1988 1    131.88
NM     1988 2    130.73
NM     1988 3    132.14
NM     1988 4    130.28
NM     1989 1    131.62
NM     1989 2    131.70
NM     1989 3    134.07
NM     1989 4    135.72
NM     1990 1    133.53
NM     1990 2    134.05
NM     1990 3    135.84
NM     1990 4    135.92
NM     1991 1    136.78
NM     1991 2    138.26
NM     1991 3    139.06
NM     1991 4    141.21
NM     1992 1    144.71
NM     1992 2    145.49
NM     1992 3    146.45
NM     1992 4    148.55
NM     1993 1    150.43
NM     1993 2    154.22
NM     1993 3    157.21
NM     1993 4    159.89
NM     1994 1    165.16
NM     1994 2    169.99
NM     1994 3    173.86
NM     1994 4    176.58
NM     1995 1    177.43
NM     1995 2    181.58
NM     1995 3    185.37
NM     1995 4    186.87
NM     1996 1    187.70
NM     1996 2    187.46
NM     1996 3    186.94
NM     1996 4    188.37
NM     1997 1    189.14
NM     1997 2    190.45
NM     1997 3    191.60
NM     1997 4    193.24
NM     1998 1    194.56
NM     1998 2    194.56
NM     1998 3    196.20
NM     1998 4    198.43
NM     1999 1    198.45
NM     1999 2    198.19
NM     1999 3    197.57
NM     1999 4    198.26
NM     2000 1    198.87
NM     2000 2    199.56
NM     2000 3    200.74
NM     2000 4    202.13
NM     2001 1    207.17
NM     2001 2    208.37
NM     2001 3    209.84
NM     2001 4    211.30
NM     2002 1    212.47
NM     2002 2    215.45
NM     2002 3    218.44
NM     2002 4    220.54
NM     2003 1    223.09
NM     2003 2    225.75
NM     2003 3    228.45
NM     2003 4    233.58
NM     2004 1    236.18
NM     2004 2    241.20
NM     2004 3    247.75
NM     2004 4    252.47
NM     2005 1    258.04
NM     2005 2    269.10
NM     2005 3    279.84
NM     2005 4    288.51
NM     2006 1    297.29
NM     2006 2    308.71
NM     2006 3    317.32
NM     2006 4    324.85
NM     2007 1    330.45
NM     2007 2    334.49
NM     2007 3    337.61
NM     2007 4    341.33
NM     2008 1    342.38
NM     2008 2    340.18
NM     2008 3    336.89