NY     1975 1     78.52
NY     1975 2     75.08
NY     1975 3     76.91
NY     1975 4     79.36
NY     1976 1     74.06
NY     1976 2     74.57
NY     1976 3     76.06
NY     1976 4     73.81
NY     1977 1     78.10
NY     1977 2     82.56
NY     1977 3     82.14
NY     1977 4     84.02
NY     1978 1     83.55
NY     1978 2     86.99
NY     1978 3     83.11
NY     1978 4     83.81
NY     1979 1     95.41
NY     1979 2     95.00
NY     1979 3     94.68
NY     1979 4     97.06
NY     1980 1    100.00
NY     1980 2    106.40
NY     1980 3    113.52
NY     1980 4    111.02
NY     1981 1    111.82
NY     1981 2    108.46
NY     1981 3    115.86
NY     1981 4    114.27
NY     1982 1    130.12
NY     1982 2    133.07
NY     1982 3    124.67
NY     1982 4    128.58
NY     1983 1    128.37
NY     1983 2    132.46
NY     1983 3    137.88
NY     1983 4    147.37
NY     1984 1    150.62
NY     1984 2    156.05
NY     1984 3    161.72
NY     1984 4    168.87
NY     1985 1    175.78
NY     1985 2    184.19
NY     1985 3    192.32
NY     1985 4    199.13
NY     1986 1    207.87
NY     1986 2    216.54
NY     1986 3    226.62
NY     1986 4    236.58
NY     1987 1    246.10
NY     1987 2    254.24
NY     1987 3    266.22
NY     1987 4    270.20
NY     1988 1    276.64
NY     1988 2    279.87
NY     1988 3    281.71
NY     1988 4    282.23
NY     1989 1    282.67
NY     1989 2    281.93
NY     1989 3    284.74
NY     1989 4    285.72
NY     1990 1    285.53
NY     1990 2    282.21
NY     1990 3    280.69
NY     1990 4    277.42
NY     1991 1    277.31
NY     1991 2    278.94
NY     1991 3    278.15
NY     1991 4    280.39
NY     1992 1    285.73
NY     1992 2    281.70
NY     1992 3    284.76
NY     1992 4    286.73
NY     1993 1    282.11
NY     1993 2    287.95
NY     1993 3    287.27
NY     1993 4    288.29
NY     1994 1    285.27
NY     1994 2    281.90
NY     1994 3    279.90
NY     1994 4    274.70
NY     1995 1    272.74
NY     1995 2    277.70
NY     1995 3    282.02
NY     1995 4    281.62
NY     1996 1    286.47
NY     1996 2    284.55
NY     1996 3    282.52
NY     1996 4    282.31
NY     1997 1    282.41
NY     1997 2    285.95
NY     1997 3    288.59
NY     1997 4    291.57
NY     1998 1    298.22
NY     1998 2    300.25
NY     1998 3    302.41
NY     1998 4    306.64
NY     1999 1    309.34
NY     1999 2    314.77
NY     1999 3    323.34
NY     1999 4    329.35
NY     2000 1    334.57
NY     2000 2    344.53
NY     2000 3    354.16
NY     2000 4    359.73
NY     2001 1    368.68
NY     2001 2    377.09
NY     2001 3    386.92
NY     2001 4    394.29
NY     2002 1    404.38
NY     2002 2    416.86
NY     2002 3    428.80
NY     2002 4    438.76
NY     2003 1    448.76
NY     2003 2    459.59
NY     2003 3    466.29
NY     2003 4    489.84
NY     2004 1    500.26
NY     2004 2    514.58
NY     2004 3    540.09
NY     2004 4    554.06
NY     2005 1    569.77
NY     2005 2    588.96
NY     2005 3    607.45
NY     2005 4    623.84
NY     2006 1    637.64
NY     2006 2    641.36
NY     2006 3    643.82
NY     2006 4    653.94
NY     2007 1    658.30
NY     2007 2    658.33
NY     2007 3    653.53
NY     2007 4    660.81
NY     2008 1    661.31
NY     2008 2    653.02
NY     2008 3    636.12